UoM_Wireless1,UoM_Wireless6,UoM_Wireless11,eduroam1,eduroam6,eduroam11,Jungle Book10,PROLINK_H5004NK_8766E11,id
-82.0,-100.0,-100.0,-100.0,-100.0,-100.0,-100.0,-100.0,6.0
-82.0,-100.0,-100.0,-100.0,-100.0,-100.0,-100.0,-100.0,6.0
-82.0,-100.0,-100.0,-100.0,-100.0,-100.0,-100.0,-100.0,6.0
-82.0,-100.0,-100.0,-87.0,-100.0,-100.0,-100.0,-100.0,6.0
-82.0,-100.0,-100.0,-87.0,-85.0,-100.0,-100.0,-100.0,6.0
-82.0,-100.0,-100.0,-87.0,-85.0,-100.0,-100.0,-100.0,6.0
-82.0,-100.0,-100.0,-87.0,-85.0,-100.0,-100.0,-100.0,6.0
-82.0,-100.0,-100.0,-87.0,-85.0,-100.0,-100.0,-85.0,6.0
-82.0,-100.0,-100.0,-87.0,-85.0,-100.0,-100.0,-85.0,6.0
-82.0,-100.0,-100.0,-87.0,-85.0,-100.0,-100.0,-85.0,6.0
-82.0,-100.0,-100.0,-87.0,-85.0,-100.0,-100.0,-85.0,4.0
-82.0,-100.0,-100.0,-87.0,-85.0,-100.0,-100.0,-85.0,6.0
-82.0,-100.0,-100.0,-87.0,-85.0,-100.0,-100.0,-85.0,6.0
-82.0,-100.0,-100.0,-87.0,-85.0,-100.0,-100.0,-85.0,6.0
-82.0,-100.0,-100.0,-87.0,-85.0,-100.0,-100.0,-85.0,6.0
-82.0,-100.0,-100.0,-87.0,-85.0,-100.0,-100.0,-85.0,6.0
-82.0,-100.0,-100.0,-87.0,-85.0,-100.0,-100.0,-85.0,6.0
-82.0,-100.0,-100.0,-87.0,-85.0,-100.0,-100.0,-85.0,6.0
-82.0,-100.0,-100.0,-87.0,-85.0,-100.0,-100.0,-85.0,6.0
-82.0,-100.0,-100.0,-87.0,-85.0,-100.0,-100.0,-85.0,6.0
-82.0,-100.0,-100.0,-87.0,-85.0,-100.0,-100.0,-85.0,6.0
-82.0,-100.0,-100.0,-87.0,-85.0,-100.0,-100.0,-85.0,6.0
-82.0,-100.0,-100.0,-87.0,-85.0,-100.0,-100.0,-85.0,6.0
-82.0,-100.0,-100.0,-87.0,-85.0,-100.0,-100.0,-85.0,6.0
-82.0,-100.0,-100.0,-87.0,-85.0,-100.0,-100.0,-85.0,6.0
-82.0,-100.0,-100.0,-87.0,-85.0,-100.0,-100.0,-85.0,6.0
-82.0,-100.0,-100.0,-87.0,-85.0,-100.0,-100.0,-85.0,6.0
-82.0,-100.0,-100.0,-87.0,-85.0,-100.0,-100.0,-85.0,6.0
-82.0,-100.0,-100.0,-87.0,-85.0,-100.0,-100.0,-85.0,6.0
-82.0,-100.0,-100.0,-87.0,-85.0,-100.0,-100.0,-85.0,6.0
-82.0,-100.0,-100.0,-87.0,-85.0,-100.0,-100.0,-85.0,6.0
-82.0,-100.0,-100.0,-87.0,-85.0,-100.0,-100.0,-85.0,6.0
-82.0,-100.0,-100.0,-87.0,-85.0,-100.0,-100.0,-85.0,6.0
-82.0,-100.0,-100.0,-87.0,-85.0,-100.0,-100.0,-85.0,6.0
-82.0,-100.0,-100.0,-87.0,-85.0,-100.0,-100.0,-85.0,6.0
-82.0,-100.0,-100.0,-87.0,-85.0,-100.0,-100.0,-85.0,6.0
-82.0,-100.0,-100.0,-87.0,-85.0,-100.0,-100.0,-85.0,6.0
-82.0,-100.0,-100.0,-87.0,-85.0,-100.0,-100.0,-85.0,6.0
-82.0,-100.0,-100.0,-87.0,-85.0,-100.0,-100.0,-85.0,6.0
-82.0,-100.0,-100.0,-87.0,-85.0,-100.0,-100.0,-85.0,6.0
-82.0,-100.0,-100.0,-87.0,-85.0,-100.0,-100.0,-85.0,6.0
-82.0,-100.0,-100.0,-87.0,-85.0,-100.0,-100.0,-85.0,6.0
-82.0,-100.0,-100.0,-87.0,-85.0,-100.0,-100.0,-85.0,6.0
-82.0,-100.0,-100.0,-87.0,-85.0,-100.0,-100.0,-85.0,6.0
-82.0,-100.0,-100.0,-87.0,-85.0,-100.0,-100.0,-85.0,4.0
-82.0,-100.0,-100.0,-87.0,-85.0,-100.0,-100.0,-85.0,6.0
-82.0,-100.0,-100.0,-87.0,-85.0,-100.0,-100.0,-85.0,6.0
-82.0,-100.0,-100.0,-87.0,-85.0,-100.0,-100.0,-85.0,6.0
-82.0,-100.0,-100.0,-87.0,-85.0,-100.0,-100.0,-85.0,6.0
-82.0,-100.0,-100.0,-87.0,-85.0,-100.0,-100.0,-85.0,6.0
-82.0,-100.0,-100.0,-87.0,-85.0,-100.0,-100.0,-85.0,6.0
-82.0,-100.0,-100.0,-87.0,-85.0,-100.0,-100.0,-85.0,6.0
-82.0,-100.0,-100.0,-87.0,-85.0,-100.0,-100.0,-85.0,6.0
-82.0,-100.0,-100.0,-87.0,-85.0,-100.0,-100.0,-85.0,6.0
-82.0,-100.0,-100.0,-87.0,-85.0,-100.0,-100.0,-85.0,6.0
-82.0,-100.0,-100.0,-87.0,-85.0,-100.0,-100.0,-85.0,6.0
-82.0,-100.0,-100.0,-87.0,-85.0,-100.0,-100.0,-85.0,6.0
-82.0,-100.0,-100.0,-87.0,-85.0,-100.0,-100.0,-85.0,6.0
-82.0,-100.0,-100.0,-87.0,-85.0,-100.0,-100.0,-85.0,6.0
-82.0,-100.0,-100.0,-87.0,-85.0,-100.0,-100.0,-85.0,6.0
-82.0,-100.0,-100.0,-87.0,-85.0,-100.0,-100.0,-85.0,6.0
-82.0,-100.0,-100.0,-87.0,-85.0,-100.0,-100.0,-85.0,6.0
-82.0,-100.0,-100.0,-87.0,-85.0,-100.0,-100.0,-85.0,6.0
-82.0,-100.0,-100.0,-87.0,-85.0,-100.0,-100.0,-85.0,6.0
-82.0,-100.0,-100.0,-87.0,-85.0,-100.0,-100.0,-85.0,6.0
-82.0,-100.0,-100.0,-87.0,-85.0,-100.0,-100.0,-85.0,6.0
-82.0,-100.0,-100.0,-87.0,-85.0,-100.0,-100.0,-85.0,6.0
-82.0,-100.0,-100.0,-87.0,-85.0,-100.0,-100.0,-85.0,6.0
-82.0,-100.0,-100.0,-87.0,-85.0,-100.0,-100.0,-85.0,6.0
-82.0,-100.0,-100.0,-87.0,-85.0,-100.0,-100.0,-85.0,6.0
-82.0,-100.0,-100.0,-87.0,-85.0,-100.0,-100.0,-85.0,6.0
-82.0,-100.0,-100.0,-87.0,-85.0,-100.0,-100.0,-85.0,6.0
-82.0,-100.0,-100.0,-87.0,-85.0,-100.0,-100.0,-85.0,6.0
-82.0,-100.0,-100.0,-87.0,-85.0,-100.0,-100.0,-85.0,6.0
-82.0,-100.0,-100.0,-87.0,-85.0,-100.0,-100.0,-85.0,6.0
-82.0,-100.0,-100.0,-87.0,-85.0,-100.0,-100.0,-85.0,6.0
-82.0,-100.0,-100.0,-87.0,-85.0,-100.0,-100.0,-85.0,6.0
-82.0,-100.0,-100.0,-87.0,-85.0,-100.0,-100.0,-85.0,6.0
-82.0,-100.0,-100.0,-87.0,-85.0,-100.0,-100.0,-85.0,6.0
-82.0,-100.0,-100.0,-87.0,-85.0,-100.0,-100.0,-85.0,6.0
-82.0,-100.0,-100.0,-87.0,-85.0,-100.0,-100.0,-85.0,6.0
-82.0,-100.0,-100.0,-87.0,-85.0,-100.0,-100.0,-85.0,6.0
-82.0,-100.0,-100.0,-87.0,-85.0,-100.0,-100.0,-85.0,6.0
-82.0,-100.0,-100.0,-87.0,-85.0,-100.0,-100.0,-85.0,6.0
-82.0,-100.0,-100.0,-87.0,-85.0,-100.0,-100.0,-85.0,6.0
-82.0,-100.0,-100.0,-87.0,-85.0,-100.0,-100.0,-85.0,6.0
-82.0,-100.0,-100.0,-87.0,-85.0,-100.0,-100.0,-85.0,6.0
-82.0,-100.0,-100.0,-87.0,-85.0,-100.0,-100.0,-85.0,6.0
-82.0,-100.0,-100.0,-87.0,-85.0,-100.0,-100.0,-85.0,6.0
-82.0,-100.0,-100.0,-87.0,-85.0,-100.0,-100.0,-85.0,6.0
-82.0,-100.0,-100.0,-87.0,-85.0,-100.0,-100.0,-85.0,6.0
-82.0,-100.0,-100.0,-87.0,-85.0,-100.0,-100.0,-85.0,6.0
-82.0,-100.0,-100.0,-87.0,-85.0,-100.0,-100.0,-85.0,6.0
-82.0,-100.0,-100.0,-87.0,-85.0,-100.0,-100.0,-85.0,6.0
-82.0,-100.0,-100.0,-87.0,-85.0,-100.0,-100.0,-85.0,6.0
-82.0,-100.0,-100.0,-87.0,-85.0,-100.0,-100.0,-85.0,6.0
-82.0,-100.0,-100.0,-87.0,-85.0,-100.0,-100.0,-85.0,6.0
-82.0,-100.0,-100.0,-87.0,-85.0,-100.0,-100.0,-85.0,6.0
-82.0,-100.0,-100.0,-87.0,-85.0,-100.0,-100.0,-85.0,6.0
-82.0,-100.0,-100.0,-87.0,-85.0,-100.0,-100.0,-85.0,6.0
-82.0,-100.0,-100.0,-87.0,-85.0,-100.0,-100.0,-85.0,6.0
-82.0,-100.0,-100.0,-87.0,-85.0,-100.0,-100.0,-85.0,6.0
-82.0,-100.0,-100.0,-87.0,-85.0,-100.0,-100.0,-85.0,6.0
-82.0,-100.0,-100.0,-87.0,-85.0,-100.0,-100.0,-85.0,6.0
-82.0,-100.0,-100.0,-87.0,-85.0,-100.0,-100.0,-85.0,6.0
-82.0,-100.0,-100.0,-87.0,-85.0,-100.0,-100.0,-85.0,6.0
-82.0,-100.0,-100.0,-87.0,-85.0,-100.0,-100.0,-85.0,6.0
-82.0,-100.0,-100.0,-87.0,-85.0,-100.0,-100.0,-85.0,6.0
-82.0,-100.0,-100.0,-87.0,-85.0,-100.0,-100.0,-85.0,6.0
-82.0,-100.0,-100.0,-87.0,-85.0,-100.0,-100.0,-85.0,6.0
-82.0,-100.0,-100.0,-87.0,-85.0,-100.0,-100.0,-85.0,6.0
-82.0,-100.0,-100.0,-87.0,-85.0,-100.0,-100.0,-85.0,6.0
-82.0,-100.0,-100.0,-87.0,-85.0,-100.0,-100.0,-85.0,6.0
-82.0,-100.0,-100.0,-87.0,-85.0,-100.0,-100.0,-85.0,6.0
-82.0,-100.0,-100.0,-87.0,-85.0,-100.0,-100.0,-85.0,6.0
-82.0,-100.0,-100.0,-87.0,-85.0,-100.0,-100.0,-85.0,6.0
-82.0,-100.0,-100.0,-87.0,-85.0,-100.0,-100.0,-85.0,6.0
-82.0,-100.0,-100.0,-87.0,-85.0,-100.0,-100.0,-85.0,6.0
-82.0,-100.0,-100.0,-87.0,-85.0,-100.0,-100.0,-85.0,6.0
-82.0,-100.0,-100.0,-87.0,-85.0,-100.0,-100.0,-85.0,4.0
-82.0,-100.0,-100.0,-87.0,-85.0,-100.0,-100.0,-85.0,6.0
-82.0,-100.0,-100.0,-87.0,-85.0,-100.0,-100.0,-85.0,6.0
-82.0,-100.0,-100.0,-87.0,-85.0,-100.0,-100.0,-85.0,4.0
-82.0,-100.0,-100.0,-87.0,-85.0,-100.0,-100.0,-85.0,4.0
-82.0,-100.0,-100.0,-87.0,-85.0,-100.0,-100.0,-85.0,6.0
-82.0,-100.0,-100.0,-87.0,-85.0,-100.0,-100.0,-85.0,6.0
-82.0,-100.0,-100.0,-87.0,-85.0,-100.0,-100.0,-85.0,6.0
-82.0,-100.0,-100.0,-87.0,-85.0,-100.0,-100.0,-85.0,6.0
-82.0,-100.0,-100.0,-87.0,-85.0,-100.0,-100.0,-85.0,6.0
-82.0,-100.0,-100.0,-87.0,-85.0,-100.0,-100.0,-85.0,6.0
-82.0,-100.0,-100.0,-87.0,-85.0,-100.0,-100.0,-85.0,6.0
-82.0,-100.0,-100.0,-87.0,-85.0,-100.0,-100.0,-85.0,6.0
-82.0,-100.0,-100.0,-87.0,-85.0,-100.0,-100.0,-85.0,6.0
-82.0,-100.0,-100.0,-87.0,-85.0,-100.0,-100.0,-85.0,4.0
-82.0,-100.0,-100.0,-87.0,-85.0,-100.0,-100.0,-85.0,6.0
-82.0,-100.0,-100.0,-87.0,-85.0,-100.0,-100.0,-85.0,6.0
-82.0,-100.0,-100.0,-87.0,-85.0,-100.0,-100.0,-85.0,6.0
-82.0,-100.0,-100.0,-87.0,-85.0,-100.0,-100.0,-85.0,6.0
-82.0,-100.0,-100.0,-87.0,-85.0,-100.0,-100.0,-85.0,6.0
-82.0,-100.0,-100.0,-87.0,-85.0,-100.0,-100.0,-85.0,6.0
-82.0,-100.0,-100.0,-87.0,-85.0,-100.0,-100.0,-85.0,6.0
-82.0,-100.0,-100.0,-87.0,-85.0,-100.0,-100.0,-85.0,6.0
-82.0,-100.0,-100.0,-87.0,-85.0,-100.0,-100.0,-85.0,6.0
-82.0,-100.0,-100.0,-87.0,-85.0,-100.0,-100.0,-85.0,6.0
-82.0,-100.0,-100.0,-87.0,-85.0,-100.0,-100.0,-85.0,1.0
-82.0,-100.0,-100.0,-87.0,-85.0,-100.0,-100.0,-85.0,1.0
-82.0,-100.0,-100.0,-87.0,-85.0,-100.0,-100.0,-85.0,1.0
-82.0,-100.0,-100.0,-87.0,-85.0,-100.0,-100.0,-85.0,1.0
-82.0,-100.0,-100.0,-87.0,-85.0,-100.0,-100.0,-85.0,1.0
-82.0,-100.0,-100.0,-87.0,-85.0,-100.0,-100.0,-85.0,1.0
-82.0,-100.0,-100.0,-87.0,-85.0,-100.0,-100.0,-85.0,1.0
-82.0,-100.0,-100.0,-87.0,-85.0,-100.0,-100.0,-85.0,1.0
-82.0,-100.0,-100.0,-87.0,-85.0,-100.0,-100.0,-85.0,1.0
-82.0,-100.0,-100.0,-87.0,-85.0,-100.0,-100.0,-85.0,1.0
-82.0,-100.0,-100.0,-87.0,-85.0,-100.0,-100.0,-85.0,1.0
-82.0,-100.0,-100.0,-87.0,-85.0,-100.0,-100.0,-85.0,1.0
-82.0,-100.0,-100.0,-87.0,-85.0,-100.0,-100.0,-85.0,1.0
-82.0,-100.0,-100.0,-87.0,-85.0,-100.0,-100.0,-85.0,1.0
-82.0,-100.0,-100.0,-87.0,-85.0,-100.0,-100.0,-85.0,1.0
-82.0,-100.0,-100.0,-87.0,-85.0,-100.0,-100.0,-85.0,1.0
-82.0,-100.0,-100.0,-87.0,-85.0,-100.0,-100.0,-85.0,1.0
-82.0,-100.0,-100.0,-87.0,-85.0,-100.0,-100.0,-85.0,1.0
-82.0,-100.0,-100.0,-87.0,-85.0,-100.0,-100.0,-85.0,1.0
-82.0,-100.0,-100.0,-87.0,-85.0,-100.0,-100.0,-85.0,1.0
-82.0,-100.0,-100.0,-87.0,-85.0,-100.0,-100.0,-85.0,1.0
-82.0,-100.0,-100.0,-87.0,-85.0,-100.0,-100.0,-85.0,1.0
-82.0,-100.0,-100.0,-87.0,-85.0,-100.0,-100.0,-85.0,1.0
-82.0,-100.0,-100.0,-87.0,-85.0,-100.0,-100.0,-85.0,1.0
-82.0,-100.0,-100.0,-87.0,-85.0,-100.0,-100.0,-85.0,1.0
-82.0,-100.0,-100.0,-87.0,-85.0,-100.0,-100.0,-85.0,1.0
-82.0,-100.0,-100.0,-87.0,-85.0,-100.0,-100.0,-85.0,1.0
-82.0,-100.0,-100.0,-87.0,-85.0,-100.0,-100.0,-85.0,1.0
-82.0,-100.0,-100.0,-87.0,-85.0,-100.0,-100.0,-85.0,1.0
-82.0,-100.0,-100.0,-87.0,-85.0,-100.0,-100.0,-85.0,1.0
-82.0,-100.0,-100.0,-87.0,-85.0,-100.0,-100.0,-85.0,1.0
-82.0,-100.0,-100.0,-87.0,-85.0,-100.0,-100.0,-85.0,1.0
-82.0,-100.0,-100.0,-87.0,-85.0,-100.0,-100.0,-85.0,1.0
-82.0,-100.0,-100.0,-87.0,-85.0,-100.0,-100.0,-85.0,1.0
-82.0,-100.0,-100.0,-87.0,-85.0,-100.0,-100.0,-85.0,1.0
-82.0,-100.0,-100.0,-87.0,-85.0,-100.0,-100.0,-85.0,1.0
-82.0,-100.0,-100.0,-87.0,-85.0,-100.0,-100.0,-85.0,1.0
-82.0,-100.0,-100.0,-87.0,-85.0,-100.0,-100.0,-85.0,1.0
-82.0,-100.0,-100.0,-87.0,-85.0,-100.0,-100.0,-85.0,1.0
-82.0,-100.0,-100.0,-87.0,-85.0,-100.0,-100.0,-85.0,1.0
-82.0,-100.0,-100.0,-87.0,-85.0,-100.0,-100.0,-85.0,1.0
-82.0,-100.0,-100.0,-87.0,-85.0,-100.0,-100.0,-85.0,1.0
-82.0,-100.0,-100.0,-87.0,-85.0,-100.0,-100.0,-85.0,1.0
-82.0,-100.0,-100.0,-87.0,-85.0,-100.0,-100.0,-85.0,1.0
-82.0,-100.0,-100.0,-87.0,-85.0,-100.0,-100.0,-85.0,1.0
-82.0,-100.0,-100.0,-87.0,-85.0,-100.0,-100.0,-85.0,1.0
-82.0,-100.0,-100.0,-87.0,-85.0,-100.0,-100.0,-85.0,1.0
-82.0,-100.0,-100.0,-87.0,-85.0,-100.0,-100.0,-85.0,1.0
-82.0,-100.0,-100.0,-87.0,-85.0,-100.0,-100.0,-85.0,1.0
-82.0,-100.0,-100.0,-87.0,-85.0,-100.0,-100.0,-85.0,1.0
-82.0,-100.0,-100.0,-87.0,-85.0,-100.0,-100.0,-85.0,1.0
-82.0,-100.0,-100.0,-87.0,-85.0,-100.0,-100.0,-85.0,1.0
-82.0,-100.0,-100.0,-87.0,-85.0,-100.0,-100.0,-85.0,1.0
-82.0,-100.0,-100.0,-87.0,-85.0,-100.0,-100.0,-85.0,1.0
-82.0,-100.0,-100.0,-87.0,-85.0,-100.0,-100.0,-85.0,1.0
-82.0,-100.0,-100.0,-87.0,-85.0,-100.0,-100.0,-85.0,1.0
-82.0,-100.0,-100.0,-87.0,-85.0,-100.0,-100.0,-85.0,1.0
-82.0,-100.0,-100.0,-87.0,-85.0,-100.0,-100.0,-85.0,1.0
-82.0,-100.0,-100.0,-87.0,-85.0,-100.0,-100.0,-85.0,1.0
-82.0,-100.0,-100.0,-87.0,-85.0,-100.0,-100.0,-85.0,1.0
-82.0,-100.0,-100.0,-87.0,-85.0,-100.0,-100.0,-85.0,1.0
-82.0,-100.0,-100.0,-87.0,-85.0,-100.0,-100.0,-85.0,1.0
-82.0,-100.0,-100.0,-87.0,-85.0,-100.0,-100.0,-85.0,1.0
-82.0,-100.0,-100.0,-87.0,-85.0,-100.0,-100.0,-85.0,1.0
-82.0,-100.0,-100.0,-87.0,-85.0,-100.0,-100.0,-85.0,1.0
-82.0,-100.0,-100.0,-87.0,-85.0,-100.0,-100.0,-85.0,1.0
-82.0,-100.0,-100.0,-87.0,-85.0,-100.0,-100.0,-85.0,1.0
-82.0,-100.0,-100.0,-87.0,-85.0,-100.0,-100.0,-85.0,1.0
-82.0,-100.0,-100.0,-87.0,-85.0,-100.0,-100.0,-85.0,1.0
-82.0,-100.0,-100.0,-87.0,-85.0,-100.0,-100.0,-85.0,1.0
-82.0,-100.0,-100.0,-87.0,-85.0,-100.0,-100.0,-85.0,1.0
-82.0,-100.0,-100.0,-87.0,-85.0,-100.0,-100.0,-85.0,1.0
-82.0,-100.0,-100.0,-87.0,-85.0,-100.0,-100.0,-85.0,1.0
-82.0,-100.0,-100.0,-87.0,-85.0,-100.0,-100.0,-85.0,1.0
-82.0,-100.0,-100.0,-87.0,-85.0,-100.0,-100.0,-85.0,1.0
-82.0,-100.0,-100.0,-87.0,-85.0,-100.0,-100.0,-85.0,1.0
-82.0,-100.0,-100.0,-87.0,-85.0,-100.0,-100.0,-85.0,1.0
-82.0,-100.0,-100.0,-87.0,-85.0,-100.0,-100.0,-85.0,1.0
-82.0,-100.0,-100.0,-87.0,-85.0,-100.0,-100.0,-85.0,1.0
-82.0,-100.0,-100.0,-87.0,-85.0,-100.0,-100.0,-85.0,1.0
-82.0,-100.0,-100.0,-87.0,-85.0,-100.0,-100.0,-85.0,1.0
-82.0,-100.0,-100.0,-87.0,-85.0,-100.0,-100.0,-85.0,1.0
-82.0,-100.0,-100.0,-87.0,-85.0,-100.0,-100.0,-85.0,1.0
-82.0,-100.0,-100.0,-87.0,-85.0,-100.0,-100.0,-85.0,1.0
-82.0,-100.0,-100.0,-87.0,-85.0,-100.0,-100.0,-85.0,1.0
-82.0,-100.0,-100.0,-87.0,-85.0,-100.0,-100.0,-85.0,1.0
-82.0,-100.0,-100.0,-87.0,-85.0,-100.0,-100.0,-85.0,1.0
-82.0,-100.0,-100.0,-87.0,-85.0,-100.0,-100.0,-85.0,1.0
-82.0,-100.0,-100.0,-87.0,-85.0,-100.0,-100.0,-85.0,1.0
-82.0,-100.0,-100.0,-87.0,-85.0,-100.0,-100.0,-85.0,1.0
-82.0,-100.0,-100.0,-87.0,-85.0,-100.0,-100.0,-85.0,1.0
-82.0,-100.0,-100.0,-87.0,-85.0,-100.0,-100.0,-85.0,1.0
-82.0,-100.0,-100.0,-87.0,-85.0,-100.0,-100.0,-85.0,1.0
-82.0,-100.0,-100.0,-87.0,-85.0,-100.0,-100.0,-85.0,1.0
-82.0,-100.0,-100.0,-87.0,-85.0,-100.0,-100.0,-85.0,1.0
-82.0,-100.0,-100.0,-87.0,-85.0,-100.0,-100.0,-85.0,1.0
-82.0,-100.0,-100.0,-87.0,-85.0,-100.0,-100.0,-85.0,1.0
-82.0,-100.0,-100.0,-87.0,-85.0,-100.0,-100.0,-85.0,1.0
-82.0,-100.0,-100.0,-87.0,-85.0,-100.0,-100.0,-85.0,1.0
-82.0,-100.0,-100.0,-87.0,-85.0,-100.0,-100.0,-85.0,1.0
-82.0,-100.0,-100.0,-87.0,-85.0,-100.0,-100.0,-85.0,1.0
-82.0,-100.0,-100.0,-87.0,-85.0,-100.0,-100.0,-85.0,1.0
-82.0,-100.0,-100.0,-87.0,-85.0,-100.0,-100.0,-85.0,1.0
-82.0,-100.0,-100.0,-87.0,-85.0,-100.0,-100.0,-85.0,1.0
-82.0,-100.0,-100.0,-87.0,-85.0,-100.0,-100.0,-85.0,1.0
-82.0,-100.0,-100.0,-87.0,-85.0,-100.0,-100.0,-85.0,1.0
-82.0,-100.0,-100.0,-87.0,-85.0,-100.0,-100.0,-85.0,1.0
-82.0,-100.0,-100.0,-87.0,-85.0,-100.0,-100.0,-85.0,1.0
-82.0,-100.0,-100.0,-87.0,-85.0,-100.0,-100.0,-85.0,1.0
-82.0,-100.0,-100.0,-87.0,-85.0,-100.0,-100.0,-85.0,1.0
-82.0,-100.0,-100.0,-87.0,-85.0,-100.0,-100.0,-85.0,1.0
-82.0,-100.0,-100.0,-87.0,-85.0,-100.0,-100.0,-85.0,1.0
-82.0,-100.0,-100.0,-87.0,-85.0,-100.0,-100.0,-85.0,1.0
-82.0,-100.0,-100.0,-87.0,-85.0,-100.0,-100.0,-85.0,1.0
-82.0,-100.0,-100.0,-87.0,-85.0,-100.0,-100.0,-85.0,1.0
-82.0,-100.0,-100.0,-87.0,-85.0,-100.0,-100.0,-85.0,1.0
-82.0,-100.0,-100.0,-87.0,-85.0,-100.0,-100.0,-85.0,1.0
-82.0,-100.0,-100.0,-87.0,-85.0,-100.0,-100.0,-85.0,1.0
-82.0,-100.0,-100.0,-87.0,-85.0,-100.0,-100.0,-85.0,1.0
-82.0,-100.0,-100.0,-87.0,-85.0,-100.0,-100.0,-85.0,1.0
-82.0,-100.0,-100.0,-87.0,-85.0,-100.0,-100.0,-85.0,1.0
-82.0,-100.0,-100.0,-87.0,-85.0,-100.0,-100.0,-85.0,1.0
-82.0,-100.0,-100.0,-87.0,-85.0,-100.0,-100.0,-85.0,1.0
-82.0,-100.0,-100.0,-100.0,-100.0,-100.0,-100.0,-100.0,6.0
-82.0,-100.0,-100.0,-100.0,-100.0,-100.0,-100.0,-100.0,6.0
-82.0,-100.0,-100.0,-100.0,-100.0,-100.0,-100.0,-100.0,6.0
-82.0,-100.0,-100.0,-87.0,-100.0,-100.0,-100.0,-100.0,6.0
-82.0,-100.0,-100.0,-87.0,-85.0,-100.0,-100.0,-100.0,6.0
-82.0,-100.0,-100.0,-87.0,-85.0,-100.0,-100.0,-100.0,6.0
-82.0,-100.0,-100.0,-87.0,-85.0,-100.0,-100.0,-100.0,6.0
-82.0,-100.0,-100.0,-87.0,-85.0,-100.0,-100.0,-85.0,6.0
-82.0,-100.0,-100.0,-87.0,-85.0,-100.0,-100.0,-85.0,6.0
-82.0,-100.0,-100.0,-87.0,-85.0,-100.0,-100.0,-85.0,6.0
-82.0,-100.0,-100.0,-87.0,-85.0,-100.0,-100.0,-85.0,4.0
-82.0,-100.0,-100.0,-87.0,-85.0,-100.0,-100.0,-85.0,6.0
-82.0,-100.0,-100.0,-87.0,-85.0,-100.0,-100.0,-85.0,6.0
-82.0,-100.0,-100.0,-87.0,-85.0,-100.0,-100.0,-85.0,6.0
-82.0,-100.0,-100.0,-87.0,-85.0,-100.0,-100.0,-85.0,6.0
-82.0,-100.0,-100.0,-87.0,-85.0,-100.0,-100.0,-85.0,6.0
-82.0,-100.0,-100.0,-87.0,-85.0,-100.0,-100.0,-85.0,6.0
-82.0,-100.0,-100.0,-87.0,-85.0,-100.0,-100.0,-85.0,6.0
-82.0,-100.0,-100.0,-87.0,-85.0,-100.0,-100.0,-85.0,6.0
-82.0,-100.0,-100.0,-87.0,-85.0,-100.0,-100.0,-85.0,6.0
-82.0,-100.0,-100.0,-87.0,-85.0,-100.0,-100.0,-85.0,6.0
-82.0,-100.0,-100.0,-87.0,-85.0,-100.0,-100.0,-85.0,6.0
-82.0,-100.0,-100.0,-87.0,-85.0,-100.0,-100.0,-85.0,6.0
-82.0,-100.0,-100.0,-87.0,-85.0,-100.0,-100.0,-85.0,6.0
-82.0,-100.0,-100.0,-87.0,-85.0,-100.0,-100.0,-85.0,6.0
-82.0,-100.0,-100.0,-87.0,-85.0,-100.0,-100.0,-85.0,6.0
-82.0,-100.0,-100.0,-87.0,-85.0,-100.0,-100.0,-85.0,6.0
-82.0,-100.0,-100.0,-87.0,-85.0,-100.0,-100.0,-85.0,6.0
-82.0,-100.0,-100.0,-87.0,-85.0,-100.0,-100.0,-85.0,6.0
-82.0,-100.0,-100.0,-87.0,-85.0,-100.0,-100.0,-85.0,6.0
-82.0,-100.0,-100.0,-87.0,-85.0,-100.0,-100.0,-85.0,6.0
-82.0,-100.0,-100.0,-87.0,-85.0,-100.0,-100.0,-85.0,6.0
-82.0,-100.0,-100.0,-87.0,-85.0,-100.0,-100.0,-85.0,6.0
-82.0,-100.0,-100.0,-87.0,-85.0,-100.0,-100.0,-85.0,6.0
-82.0,-100.0,-100.0,-87.0,-85.0,-100.0,-100.0,-85.0,6.0
-82.0,-100.0,-100.0,-87.0,-85.0,-100.0,-100.0,-85.0,6.0
-82.0,-100.0,-100.0,-87.0,-85.0,-100.0,-100.0,-85.0,6.0
-82.0,-100.0,-100.0,-87.0,-85.0,-100.0,-100.0,-85.0,6.0
-82.0,-100.0,-100.0,-87.0,-85.0,-100.0,-100.0,-85.0,6.0
-82.0,-100.0,-100.0,-87.0,-85.0,-100.0,-100.0,-85.0,6.0
-82.0,-100.0,-100.0,-87.0,-85.0,-100.0,-100.0,-85.0,6.0
-82.0,-100.0,-100.0,-87.0,-85.0,-100.0,-100.0,-85.0,6.0
-82.0,-100.0,-100.0,-87.0,-85.0,-100.0,-100.0,-85.0,6.0
-82.0,-100.0,-100.0,-87.0,-85.0,-100.0,-100.0,-85.0,6.0
-82.0,-100.0,-100.0,-87.0,-85.0,-100.0,-100.0,-85.0,4.0
-82.0,-100.0,-100.0,-87.0,-85.0,-100.0,-100.0,-85.0,6.0
-82.0,-100.0,-100.0,-87.0,-85.0,-100.0,-100.0,-85.0,6.0
-82.0,-100.0,-100.0,-87.0,-85.0,-100.0,-100.0,-85.0,6.0
-82.0,-100.0,-100.0,-87.0,-85.0,-100.0,-100.0,-85.0,6.0
-82.0,-100.0,-100.0,-87.0,-85.0,-100.0,-100.0,-85.0,6.0
-82.0,-100.0,-100.0,-87.0,-85.0,-100.0,-100.0,-85.0,6.0
-82.0,-100.0,-100.0,-87.0,-85.0,-100.0,-100.0,-85.0,6.0
-82.0,-100.0,-100.0,-87.0,-85.0,-100.0,-100.0,-85.0,6.0
-82.0,-100.0,-100.0,-87.0,-85.0,-100.0,-100.0,-85.0,6.0
-82.0,-100.0,-100.0,-87.0,-85.0,-100.0,-100.0,-85.0,6.0
-82.0,-100.0,-100.0,-87.0,-85.0,-100.0,-100.0,-85.0,6.0
-82.0,-100.0,-100.0,-87.0,-85.0,-100.0,-100.0,-85.0,6.0
-82.0,-100.0,-100.0,-87.0,-85.0,-100.0,-100.0,-85.0,6.0
-82.0,-100.0,-100.0,-87.0,-85.0,-100.0,-100.0,-85.0,6.0
-82.0,-100.0,-100.0,-87.0,-85.0,-100.0,-100.0,-85.0,6.0
-82.0,-100.0,-100.0,-87.0,-85.0,-100.0,-100.0,-85.0,6.0
-82.0,-100.0,-100.0,-87.0,-85.0,-100.0,-100.0,-85.0,6.0
-82.0,-100.0,-100.0,-87.0,-85.0,-100.0,-100.0,-85.0,6.0
-82.0,-100.0,-100.0,-87.0,-85.0,-100.0,-100.0,-85.0,6.0
-82.0,-100.0,-100.0,-87.0,-85.0,-100.0,-100.0,-85.0,6.0
-82.0,-100.0,-100.0,-87.0,-85.0,-100.0,-100.0,-85.0,6.0
-82.0,-100.0,-100.0,-87.0,-85.0,-100.0,-100.0,-85.0,6.0
-82.0,-100.0,-100.0,-87.0,-85.0,-100.0,-100.0,-85.0,6.0
-82.0,-100.0,-100.0,-87.0,-85.0,-100.0,-100.0,-85.0,6.0
-82.0,-100.0,-100.0,-87.0,-85.0,-100.0,-100.0,-85.0,6.0
-82.0,-100.0,-100.0,-87.0,-85.0,-100.0,-100.0,-85.0,6.0
-82.0,-100.0,-100.0,-87.0,-85.0,-100.0,-100.0,-85.0,6.0
-82.0,-100.0,-100.0,-87.0,-85.0,-100.0,-100.0,-85.0,6.0
-82.0,-100.0,-100.0,-87.0,-85.0,-100.0,-100.0,-85.0,6.0
-82.0,-100.0,-100.0,-87.0,-85.0,-100.0,-100.0,-85.0,6.0
-82.0,-100.0,-100.0,-87.0,-85.0,-100.0,-100.0,-85.0,6.0
-82.0,-100.0,-100.0,-87.0,-85.0,-100.0,-100.0,-85.0,6.0
-82.0,-100.0,-100.0,-87.0,-85.0,-100.0,-100.0,-85.0,6.0
-82.0,-100.0,-100.0,-87.0,-85.0,-100.0,-100.0,-85.0,6.0
-82.0,-100.0,-100.0,-87.0,-85.0,-100.0,-100.0,-85.0,6.0
-82.0,-100.0,-100.0,-87.0,-85.0,-100.0,-100.0,-85.0,6.0
-82.0,-100.0,-100.0,-87.0,-85.0,-100.0,-100.0,-85.0,6.0
-82.0,-100.0,-100.0,-87.0,-85.0,-100.0,-100.0,-85.0,6.0
-82.0,-100.0,-100.0,-87.0,-85.0,-100.0,-100.0,-85.0,6.0
-82.0,-100.0,-100.0,-87.0,-85.0,-100.0,-100.0,-85.0,6.0
-82.0,-100.0,-100.0,-87.0,-85.0,-100.0,-100.0,-85.0,6.0
-82.0,-100.0,-100.0,-87.0,-85.0,-100.0,-100.0,-85.0,6.0
-82.0,-100.0,-100.0,-87.0,-85.0,-100.0,-100.0,-85.0,6.0
-82.0,-100.0,-100.0,-87.0,-85.0,-100.0,-100.0,-85.0,6.0
-82.0,-100.0,-100.0,-87.0,-85.0,-100.0,-100.0,-85.0,6.0
-82.0,-100.0,-100.0,-87.0,-85.0,-100.0,-100.0,-85.0,6.0
-82.0,-100.0,-100.0,-87.0,-85.0,-100.0,-100.0,-85.0,6.0
-82.0,-100.0,-100.0,-87.0,-85.0,-100.0,-100.0,-85.0,6.0
-82.0,-100.0,-100.0,-87.0,-85.0,-100.0,-100.0,-85.0,6.0
-82.0,-100.0,-100.0,-87.0,-85.0,-100.0,-100.0,-85.0,6.0
-82.0,-100.0,-100.0,-87.0,-85.0,-100.0,-100.0,-85.0,6.0
-82.0,-100.0,-100.0,-87.0,-85.0,-100.0,-100.0,-85.0,6.0
-82.0,-100.0,-100.0,-87.0,-85.0,-100.0,-100.0,-85.0,6.0
-82.0,-100.0,-100.0,-87.0,-85.0,-100.0,-100.0,-85.0,6.0
-82.0,-100.0,-100.0,-87.0,-85.0,-100.0,-100.0,-85.0,6.0
-82.0,-100.0,-100.0,-87.0,-85.0,-100.0,-100.0,-85.0,6.0
-82.0,-100.0,-100.0,-87.0,-85.0,-100.0,-100.0,-85.0,6.0
-82.0,-100.0,-100.0,-87.0,-85.0,-100.0,-100.0,-85.0,6.0
-82.0,-100.0,-100.0,-87.0,-85.0,-100.0,-100.0,-85.0,6.0
-82.0,-100.0,-100.0,-87.0,-85.0,-100.0,-100.0,-85.0,6.0
-82.0,-100.0,-100.0,-87.0,-85.0,-100.0,-100.0,-85.0,6.0
-82.0,-100.0,-100.0,-87.0,-85.0,-100.0,-100.0,-85.0,6.0
-82.0,-100.0,-100.0,-87.0,-85.0,-100.0,-100.0,-85.0,6.0
-82.0,-100.0,-100.0,-87.0,-85.0,-100.0,-100.0,-85.0,6.0
-82.0,-100.0,-100.0,-87.0,-85.0,-100.0,-100.0,-85.0,6.0
-82.0,-100.0,-100.0,-87.0,-85.0,-100.0,-100.0,-85.0,6.0
-82.0,-100.0,-100.0,-87.0,-85.0,-100.0,-100.0,-85.0,6.0
-82.0,-100.0,-100.0,-87.0,-85.0,-100.0,-100.0,-85.0,6.0
-82.0,-100.0,-100.0,-87.0,-85.0,-100.0,-100.0,-85.0,6.0
-82.0,-100.0,-100.0,-87.0,-85.0,-100.0,-100.0,-85.0,6.0
-82.0,-100.0,-100.0,-87.0,-85.0,-100.0,-100.0,-85.0,6.0
-82.0,-100.0,-100.0,-87.0,-85.0,-100.0,-100.0,-85.0,6.0
-82.0,-100.0,-100.0,-87.0,-85.0,-100.0,-100.0,-85.0,6.0
-82.0,-100.0,-100.0,-87.0,-85.0,-100.0,-100.0,-85.0,6.0
-82.0,-100.0,-100.0,-87.0,-85.0,-100.0,-100.0,-85.0,6.0
-82.0,-100.0,-100.0,-87.0,-85.0,-100.0,-100.0,-85.0,6.0
-82.0,-100.0,-100.0,-87.0,-85.0,-100.0,-100.0,-85.0,6.0
-82.0,-100.0,-100.0,-87.0,-85.0,-100.0,-100.0,-85.0,4.0
-82.0,-100.0,-100.0,-87.0,-85.0,-100.0,-100.0,-85.0,4.0
-82.0,-100.0,-100.0,-87.0,-85.0,-100.0,-100.0,-85.0,6.0
-82.0,-100.0,-100.0,-87.0,-85.0,-100.0,-100.0,-85.0,6.0
-82.0,-100.0,-100.0,-87.0,-85.0,-100.0,-100.0,-85.0,6.0
-82.0,-100.0,-100.0,-87.0,-85.0,-100.0,-100.0,-85.0,6.0
-82.0,-100.0,-100.0,-87.0,-85.0,-100.0,-100.0,-85.0,6.0
-82.0,-100.0,-100.0,-87.0,-85.0,-100.0,-100.0,-85.0,6.0
-82.0,-100.0,-100.0,-87.0,-85.0,-100.0,-100.0,-85.0,6.0
-82.0,-100.0,-100.0,-87.0,-85.0,-100.0,-100.0,-85.0,6.0
-82.0,-100.0,-100.0,-87.0,-85.0,-100.0,-100.0,-85.0,4.0
-82.0,-100.0,-100.0,-87.0,-85.0,-100.0,-100.0,-85.0,6.0
-82.0,-100.0,-100.0,-87.0,-85.0,-100.0,-100.0,-85.0,6.0
-82.0,-100.0,-100.0,-87.0,-85.0,-100.0,-100.0,-85.0,6.0
-82.0,-100.0,-100.0,-87.0,-85.0,-100.0,-100.0,-85.0,6.0
-82.0,-100.0,-100.0,-87.0,-85.0,-100.0,-100.0,-85.0,6.0
-82.0,-100.0,-100.0,-87.0,-85.0,-100.0,-100.0,-85.0,6.0
-82.0,-100.0,-100.0,-87.0,-85.0,-100.0,-100.0,-85.0,6.0
-82.0,-100.0,-100.0,-87.0,-85.0,-100.0,-100.0,-85.0,6.0
-82.0,-100.0,-100.0,-87.0,-85.0,-100.0,-100.0,-85.0,6.0
-82.0,-100.0,-100.0,-87.0,-85.0,-100.0,-100.0,-85.0,6.0
-82.0,-100.0,-100.0,-87.0,-85.0,-100.0,-100.0,-85.0,6.0
-82.0,-100.0,-100.0,-87.0,-85.0,-100.0,-100.0,-85.0,1.0
-82.0,-100.0,-100.0,-87.0,-85.0,-100.0,-100.0,-85.0,1.0
-82.0,-100.0,-100.0,-87.0,-85.0,-100.0,-100.0,-85.0,1.0
-82.0,-100.0,-100.0,-87.0,-85.0,-100.0,-100.0,-85.0,1.0
-82.0,-100.0,-100.0,-87.0,-85.0,-100.0,-100.0,-85.0,1.0
-82.0,-100.0,-100.0,-87.0,-85.0,-100.0,-100.0,-85.0,1.0
-82.0,-100.0,-100.0,-87.0,-85.0,-100.0,-100.0,-85.0,1.0
-82.0,-100.0,-100.0,-87.0,-85.0,-100.0,-100.0,-85.0,1.0
-82.0,-100.0,-100.0,-87.0,-85.0,-100.0,-100.0,-85.0,1.0
-82.0,-100.0,-100.0,-87.0,-85.0,-100.0,-100.0,-85.0,1.0
-82.0,-100.0,-100.0,-87.0,-85.0,-100.0,-100.0,-85.0,1.0
-82.0,-100.0,-100.0,-87.0,-85.0,-100.0,-100.0,-85.0,1.0
-82.0,-100.0,-100.0,-87.0,-85.0,-100.0,-100.0,-85.0,1.0
-82.0,-100.0,-100.0,-87.0,-85.0,-100.0,-100.0,-85.0,1.0
-82.0,-100.0,-100.0,-87.0,-85.0,-100.0,-100.0,-85.0,1.0
-82.0,-100.0,-100.0,-87.0,-85.0,-100.0,-100.0,-85.0,1.0
-82.0,-100.0,-100.0,-87.0,-85.0,-100.0,-100.0,-85.0,1.0
-82.0,-100.0,-100.0,-87.0,-85.0,-100.0,-100.0,-85.0,1.0
-82.0,-100.0,-100.0,-87.0,-85.0,-100.0,-100.0,-85.0,1.0
-82.0,-100.0,-100.0,-87.0,-85.0,-100.0,-100.0,-85.0,1.0
-82.0,-100.0,-100.0,-87.0,-85.0,-100.0,-100.0,-85.0,1.0
-82.0,-100.0,-100.0,-87.0,-85.0,-100.0,-100.0,-85.0,1.0
-82.0,-100.0,-100.0,-87.0,-85.0,-100.0,-100.0,-85.0,1.0
-82.0,-100.0,-100.0,-87.0,-85.0,-100.0,-100.0,-85.0,1.0
-82.0,-100.0,-100.0,-87.0,-85.0,-100.0,-100.0,-85.0,1.0
-82.0,-100.0,-100.0,-87.0,-85.0,-100.0,-100.0,-85.0,1.0
-82.0,-100.0,-100.0,-87.0,-85.0,-100.0,-100.0,-85.0,1.0
-82.0,-100.0,-100.0,-87.0,-85.0,-100.0,-100.0,-85.0,1.0
-82.0,-100.0,-100.0,-87.0,-85.0,-100.0,-100.0,-85.0,1.0
-82.0,-100.0,-100.0,-87.0,-85.0,-100.0,-100.0,-85.0,1.0
-82.0,-100.0,-100.0,-87.0,-85.0,-100.0,-100.0,-85.0,1.0
-82.0,-100.0,-100.0,-87.0,-85.0,-100.0,-100.0,-85.0,1.0
-82.0,-100.0,-100.0,-87.0,-85.0,-100.0,-100.0,-85.0,1.0
-82.0,-100.0,-100.0,-87.0,-85.0,-100.0,-100.0,-85.0,1.0
-82.0,-100.0,-100.0,-87.0,-85.0,-100.0,-100.0,-85.0,1.0
-82.0,-100.0,-100.0,-87.0,-85.0,-100.0,-100.0,-85.0,1.0
-82.0,-100.0,-100.0,-87.0,-85.0,-100.0,-100.0,-85.0,1.0
-82.0,-100.0,-100.0,-87.0,-85.0,-100.0,-100.0,-85.0,1.0
-82.0,-100.0,-100.0,-87.0,-85.0,-100.0,-100.0,-85.0,1.0
-82.0,-100.0,-100.0,-87.0,-85.0,-100.0,-100.0,-85.0,1.0
-82.0,-100.0,-100.0,-87.0,-85.0,-100.0,-100.0,-85.0,1.0
-82.0,-100.0,-100.0,-87.0,-85.0,-100.0,-100.0,-85.0,1.0
-82.0,-100.0,-100.0,-87.0,-85.0,-100.0,-100.0,-85.0,1.0
-82.0,-100.0,-100.0,-87.0,-85.0,-100.0,-100.0,-85.0,1.0
-82.0,-100.0,-100.0,-87.0,-85.0,-100.0,-100.0,-85.0,1.0
-82.0,-100.0,-100.0,-87.0,-85.0,-100.0,-100.0,-85.0,1.0
-82.0,-100.0,-100.0,-87.0,-85.0,-100.0,-100.0,-85.0,1.0
-82.0,-100.0,-100.0,-87.0,-85.0,-100.0,-100.0,-85.0,1.0
-82.0,-100.0,-100.0,-87.0,-85.0,-100.0,-100.0,-85.0,1.0
-82.0,-100.0,-100.0,-87.0,-85.0,-100.0,-100.0,-85.0,1.0
-82.0,-100.0,-100.0,-87.0,-85.0,-100.0,-100.0,-85.0,1.0
-82.0,-100.0,-100.0,-87.0,-85.0,-100.0,-100.0,-85.0,1.0
-82.0,-100.0,-100.0,-87.0,-85.0,-100.0,-100.0,-85.0,1.0
-82.0,-100.0,-100.0,-87.0,-85.0,-100.0,-100.0,-85.0,1.0
-82.0,-100.0,-100.0,-87.0,-85.0,-100.0,-100.0,-85.0,1.0
-82.0,-100.0,-100.0,-87.0,-85.0,-100.0,-100.0,-85.0,1.0
-82.0,-100.0,-100.0,-87.0,-85.0,-100.0,-100.0,-85.0,1.0
-82.0,-100.0,-100.0,-87.0,-85.0,-100.0,-100.0,-85.0,1.0
-82.0,-100.0,-100.0,-87.0,-85.0,-100.0,-100.0,-85.0,1.0
-82.0,-100.0,-100.0,-87.0,-85.0,-100.0,-100.0,-85.0,1.0
-82.0,-100.0,-100.0,-87.0,-85.0,-100.0,-100.0,-85.0,1.0
-82.0,-100.0,-100.0,-87.0,-85.0,-100.0,-100.0,-85.0,1.0
-82.0,-100.0,-100.0,-87.0,-85.0,-100.0,-100.0,-85.0,1.0
-82.0,-100.0,-100.0,-87.0,-85.0,-100.0,-100.0,-85.0,1.0
-82.0,-100.0,-100.0,-87.0,-85.0,-100.0,-100.0,-85.0,1.0
-82.0,-100.0,-100.0,-87.0,-85.0,-100.0,-100.0,-85.0,1.0
-82.0,-100.0,-100.0,-87.0,-85.0,-100.0,-100.0,-85.0,1.0
-82.0,-100.0,-100.0,-87.0,-85.0,-100.0,-100.0,-85.0,1.0
-82.0,-100.0,-100.0,-87.0,-85.0,-100.0,-100.0,-85.0,1.0
-82.0,-100.0,-100.0,-87.0,-85.0,-100.0,-100.0,-85.0,1.0
-82.0,-100.0,-100.0,-87.0,-85.0,-100.0,-100.0,-85.0,1.0
-82.0,-100.0,-100.0,-87.0,-85.0,-100.0,-100.0,-85.0,1.0
-82.0,-100.0,-100.0,-87.0,-85.0,-100.0,-100.0,-85.0,1.0
-82.0,-100.0,-100.0,-87.0,-85.0,-100.0,-100.0,-85.0,1.0
-82.0,-100.0,-100.0,-87.0,-85.0,-100.0,-100.0,-85.0,1.0
-82.0,-100.0,-100.0,-87.0,-85.0,-100.0,-100.0,-85.0,1.0
-82.0,-100.0,-100.0,-87.0,-85.0,-100.0,-100.0,-85.0,1.0
-82.0,-100.0,-100.0,-87.0,-85.0,-100.0,-100.0,-85.0,1.0
-82.0,-100.0,-100.0,-87.0,-85.0,-100.0,-100.0,-85.0,1.0
-82.0,-100.0,-100.0,-87.0,-85.0,-100.0,-100.0,-85.0,1.0
-82.0,-100.0,-100.0,-87.0,-85.0,-100.0,-100.0,-85.0,1.0
-82.0,-100.0,-100.0,-87.0,-85.0,-100.0,-100.0,-85.0,1.0
-82.0,-100.0,-100.0,-87.0,-85.0,-100.0,-100.0,-85.0,1.0
-82.0,-100.0,-100.0,-87.0,-85.0,-100.0,-100.0,-85.0,1.0
-82.0,-100.0,-100.0,-87.0,-85.0,-100.0,-100.0,-85.0,1.0
-82.0,-100.0,-100.0,-87.0,-85.0,-100.0,-100.0,-85.0,1.0
-82.0,-100.0,-100.0,-87.0,-85.0,-100.0,-100.0,-85.0,1.0
-82.0,-100.0,-100.0,-87.0,-85.0,-100.0,-100.0,-85.0,1.0
-82.0,-100.0,-100.0,-87.0,-85.0,-100.0,-100.0,-85.0,1.0
-82.0,-100.0,-100.0,-87.0,-85.0,-100.0,-100.0,-85.0,1.0
-82.0,-100.0,-100.0,-87.0,-85.0,-100.0,-100.0,-85.0,1.0
-82.0,-100.0,-100.0,-87.0,-85.0,-100.0,-100.0,-85.0,1.0
-82.0,-100.0,-100.0,-87.0,-85.0,-100.0,-100.0,-85.0,1.0
-82.0,-100.0,-100.0,-87.0,-85.0,-100.0,-100.0,-85.0,1.0
-82.0,-100.0,-100.0,-87.0,-85.0,-100.0,-100.0,-85.0,1.0
-82.0,-100.0,-100.0,-87.0,-85.0,-100.0,-100.0,-85.0,1.0
-82.0,-100.0,-100.0,-87.0,-85.0,-100.0,-100.0,-85.0,1.0
-82.0,-100.0,-100.0,-87.0,-85.0,-100.0,-100.0,-85.0,1.0
-82.0,-100.0,-100.0,-87.0,-85.0,-100.0,-100.0,-85.0,1.0
-82.0,-100.0,-100.0,-87.0,-85.0,-100.0,-100.0,-85.0,1.0
-82.0,-100.0,-100.0,-87.0,-85.0,-100.0,-100.0,-85.0,1.0
-82.0,-100.0,-100.0,-87.0,-85.0,-100.0,-100.0,-85.0,1.0
-82.0,-100.0,-100.0,-87.0,-85.0,-100.0,-100.0,-85.0,1.0
-82.0,-100.0,-100.0,-87.0,-85.0,-100.0,-100.0,-85.0,1.0
-82.0,-100.0,-100.0,-87.0,-85.0,-100.0,-100.0,-85.0,1.0
-82.0,-100.0,-100.0,-87.0,-85.0,-100.0,-100.0,-85.0,1.0
-82.0,-100.0,-100.0,-87.0,-85.0,-100.0,-100.0,-85.0,1.0
-82.0,-100.0,-100.0,-87.0,-85.0,-100.0,-100.0,-85.0,1.0
-82.0,-100.0,-100.0,-87.0,-85.0,-100.0,-100.0,-85.0,1.0
-82.0,-100.0,-100.0,-87.0,-85.0,-100.0,-100.0,-85.0,1.0
-82.0,-100.0,-100.0,-87.0,-85.0,-100.0,-100.0,-85.0,1.0
-82.0,-100.0,-100.0,-87.0,-85.0,-100.0,-100.0,-85.0,1.0
-82.0,-100.0,-100.0,-87.0,-85.0,-100.0,-100.0,-85.0,1.0
-82.0,-100.0,-100.0,-87.0,-85.0,-100.0,-100.0,-85.0,1.0
-82.0,-100.0,-100.0,-87.0,-85.0,-100.0,-100.0,-85.0,1.0
-82.0,-100.0,-100.0,-87.0,-85.0,-100.0,-100.0,-85.0,1.0
-82.0,-100.0,-100.0,-87.0,-85.0,-100.0,-100.0,-85.0,1.0
-82.0,-100.0,-100.0,-87.0,-85.0,-100.0,-100.0,-85.0,1.0
-82.0,-100.0,-100.0,-87.0,-85.0,-100.0,-100.0,-85.0,1.0
-82.0,-100.0,-100.0,-87.0,-85.0,-100.0,-100.0,-85.0,1.0
-82.0,-100.0,-100.0,-87.0,-85.0,-100.0,-100.0,-85.0,1.0
-82.0,-100.0,-100.0,-87.0,-85.0,-100.0,-100.0,-85.0,1.0
-82.0,-100.0,-100.0,-87.0,-85.0,-100.0,-100.0,-85.0,1.0
-82.0,-100.0,-100.0,-100.0,-100.0,-100.0,-100.0,-100.0,6.0
-82.0,-100.0,-100.0,-100.0,-100.0,-100.0,-100.0,-100.0,6.0
-82.0,-100.0,-100.0,-100.0,-100.0,-100.0,-100.0,-100.0,6.0
-82.0,-100.0,-100.0,-87.0,-100.0,-100.0,-100.0,-100.0,6.0
-82.0,-100.0,-100.0,-87.0,-85.0,-100.0,-100.0,-100.0,4.0
-82.0,-100.0,-100.0,-87.0,-85.0,-100.0,-100.0,-100.0,6.0
-82.0,-100.0,-100.0,-87.0,-85.0,-100.0,-100.0,-100.0,6.0
-82.0,-100.0,-100.0,-87.0,-85.0,-100.0,-100.0,-85.0,6.0
-73.0,-100.0,-100.0,-73.0,-100.0,-100.0,-41.0,-82.0,6.0
-71.0,-89.0,-100.0,-71.0,-100.0,-100.0,-64.0,-100.0,6.0
-67.0,-100.0,-100.0,-70.0,-100.0,-100.0,-65.0,-100.0,6.0
-69.0,-90.0,-100.0,-70.0,-91.0,-100.0,-100.0,-87.0,6.0
-75.0,-90.0,-100.0,-73.0,-93.0,-100.0,-70.0,-85.0,6.0
-73.0,-92.0,-100.0,-73.0,-91.0,-100.0,-100.0,-100.0,6.0
-75.0,-88.0,-100.0,-73.0,-89.0,-100.0,-48.0,-100.0,6.0
-73.0,-92.0,-100.0,-74.0,-100.0,-100.0,-100.0,-85.0,6.0
-75.0,-88.0,-100.0,-73.0,-87.0,-100.0,-63.0,-88.0,6.0
-75.0,-92.0,-100.0,-75.0,-91.0,-100.0,-69.0,-89.0,6.0
-100.0,-87.0,-100.0,-81.0,-84.0,-100.0,-62.0,-85.0,4.0
-71.0,-90.0,-100.0,-71.0,-90.0,-100.0,-100.0,-84.0,6.0
-74.0,-88.0,-100.0,-74.0,-92.0,-100.0,-100.0,-84.0,6.0
-74.0,-91.0,-100.0,-76.0,-87.0,-100.0,-56.0,-100.0,6.0
-71.0,-87.0,-100.0,-73.0,-91.0,-100.0,-64.0,-87.0,6.0
-76.0,-88.0,-100.0,-75.0,-87.0,-100.0,-73.0,-100.0,6.0
-74.0,-90.0,-100.0,-73.0,-90.0,-100.0,-39.0,-100.0,6.0
-72.0,-89.0,-100.0,-72.0,-89.0,-100.0,-66.0,-100.0,6.0
-74.0,-91.0,-100.0,-73.0,-90.0,-100.0,-64.0,-100.0,6.0
-72.0,-90.0,-100.0,-73.0,-91.0,-100.0,-63.0,-100.0,6.0
-72.0,-100.0,-100.0,-71.0,-100.0,-100.0,-62.0,-84.0,6.0
-73.0,-89.0,-100.0,-74.0,-91.0,-100.0,-65.0,-83.0,6.0
-72.0,-88.0,-100.0,-72.0,-90.0,-100.0,-49.0,-100.0,6.0
-71.0,-91.0,-100.0,-71.0,-92.0,-100.0,-42.0,-100.0,6.0
-73.0,-93.0,-100.0,-73.0,-92.0,-100.0,-71.0,-100.0,6.0
-73.0,-91.0,-100.0,-73.0,-91.0,-100.0,-100.0,-100.0,6.0
-73.0,-93.0,-100.0,-75.0,-98.0,-100.0,-51.0,-100.0,6.0
-73.0,-91.0,-100.0,-74.0,-89.0,-100.0,-61.0,-100.0,6.0
-77.0,-91.0,-100.0,-77.0,-89.0,-100.0,-43.0,-100.0,6.0
-77.0,-95.0,-100.0,-76.0,-92.0,-100.0,-100.0,-87.0,6.0
-78.0,-93.0,-100.0,-77.0,-90.0,-100.0,-66.0,-90.0,6.0
-75.0,-93.0,-100.0,-76.0,-100.0,-100.0,-63.0,-83.0,6.0
-74.0,-95.0,-100.0,-73.0,-91.0,-100.0,-100.0,-100.0,6.0
-75.0,-100.0,-100.0,-73.0,-100.0,-100.0,-61.0,-85.0,6.0
-73.0,-93.0,-100.0,-74.0,-100.0,-100.0,-100.0,-100.0,6.0
-70.0,-91.0,-100.0,-71.0,-90.0,-100.0,-61.0,-84.0,6.0
-72.0,-91.0,-100.0,-71.0,-91.0,-100.0,-65.0,-100.0,6.0
-75.0,-93.0,-100.0,-75.0,-95.0,-100.0,-42.0,-100.0,6.0
-71.0,-91.0,-100.0,-70.0,-91.0,-100.0,-64.0,-100.0,6.0
-75.0,-91.0,-100.0,-75.0,-100.0,-100.0,-100.0,-100.0,6.0
-77.0,-93.0,-100.0,-79.0,-88.0,-100.0,-51.0,-100.0,6.0
-81.0,-88.0,-100.0,-82.0,-90.0,-100.0,-61.0,-87.0,6.0
-73.0,-90.0,-100.0,-75.0,-88.0,-100.0,-100.0,-100.0,6.0
-75.0,-91.0,-100.0,-74.0,-94.0,-100.0,-100.0,-100.0,6.0
-83.0,-91.0,-100.0,-82.0,-90.0,-100.0,-43.0,-81.0,4.0
-68.0,-100.0,-100.0,-70.0,-100.0,-100.0,-52.0,-85.0,6.0
-73.0,-92.0,-100.0,-72.0,-93.0,-100.0,-60.0,-82.0,6.0
-69.0,-91.0,-100.0,-70.0,-87.0,-100.0,-53.0,-81.0,6.0
-74.0,-92.0,-100.0,-76.0,-95.0,-94.0,-40.0,-82.0,6.0
-66.0,-90.0,-100.0,-66.0,-94.0,-100.0,-42.0,-83.0,6.0
-68.0,-91.0,-100.0,-68.0,-89.0,-100.0,-49.0,-100.0,6.0
-66.0,-89.0,-100.0,-67.0,-87.0,-100.0,-51.0,-100.0,6.0
-76.0,-89.0,-100.0,-77.0,-91.0,-100.0,-42.0,-83.0,6.0
-72.0,-92.0,-100.0,-74.0,-91.0,-100.0,-56.0,-100.0,6.0
-72.0,-88.0,-100.0,-73.0,-91.0,-100.0,-49.0,-100.0,6.0
-75.0,-91.0,-100.0,-72.0,-90.0,-100.0,-56.0,-84.0,6.0
-71.0,-90.0,-100.0,-100.0,-90.0,-100.0,-100.0,-100.0,6.0
-66.0,-97.0,-100.0,-67.0,-95.0,-100.0,-100.0,-100.0,6.0
-69.0,-93.0,-100.0,-69.0,-90.0,-100.0,-100.0,-100.0,6.0
-71.0,-94.0,-100.0,-74.0,-90.0,-100.0,-72.0,-100.0,6.0
-72.0,-91.0,-100.0,-73.0,-91.0,-100.0,-43.0,-89.0,6.0
-71.0,-90.0,-100.0,-71.0,-88.0,-100.0,-100.0,-100.0,6.0
-74.0,-95.0,-100.0,-72.0,-89.0,-100.0,-100.0,-100.0,6.0
-73.0,-93.0,-100.0,-75.0,-90.0,-100.0,-53.0,-100.0,6.0
-82.0,-92.0,-100.0,-100.0,-89.0,-100.0,-53.0,-90.0,6.0
-69.0,-87.0,-100.0,-69.0,-90.0,-100.0,-100.0,-83.0,6.0
-74.0,-94.0,-100.0,-73.0,-92.0,-100.0,-100.0,-84.0,6.0
-71.0,-93.0,-100.0,-69.0,-94.0,-100.0,-60.0,-85.0,6.0
-74.0,-92.0,-100.0,-73.0,-94.0,-100.0,-62.0,-85.0,6.0
-75.0,-100.0,-100.0,-100.0,-100.0,-100.0,-100.0,-83.0,6.0
-73.0,-91.0,-100.0,-73.0,-87.0,-100.0,-100.0,-86.0,6.0
-75.0,-94.0,-100.0,-77.0,-87.0,-100.0,-65.0,-100.0,6.0
-74.0,-91.0,-100.0,-74.0,-87.0,-100.0,-67.0,-85.0,6.0
-72.0,-90.0,-100.0,-74.0,-90.0,-100.0,-59.0,-84.0,6.0
-71.0,-89.0,-100.0,-71.0,-90.0,-100.0,-63.0,-83.0,6.0
-74.0,-95.0,-100.0,-74.0,-88.0,-100.0,-100.0,-84.0,6.0
-70.0,-89.0,-100.0,-70.0,-100.0,-100.0,-100.0,-83.0,6.0
-73.0,-92.0,-100.0,-74.0,-90.0,-100.0,-60.0,-83.0,6.0
-76.0,-92.0,-100.0,-100.0,-91.0,-100.0,-65.0,-100.0,6.0
-74.0,-97.0,-100.0,-74.0,-91.0,-100.0,-62.0,-100.0,6.0
-70.0,-100.0,-100.0,-71.0,-100.0,-100.0,-100.0,-83.0,6.0
-74.0,-91.0,-100.0,-75.0,-93.0,-100.0,-62.0,-86.0,6.0
-71.0,-87.0,-100.0,-72.0,-94.0,-100.0,-100.0,-100.0,6.0
-72.0,-91.0,-100.0,-74.0,-93.0,-100.0,-100.0,-83.0,6.0
-75.0,-93.0,-100.0,-75.0,-92.0,-100.0,-63.0,-85.0,6.0
-72.0,-93.0,-100.0,-73.0,-90.0,-100.0,-100.0,-100.0,6.0
-75.0,-91.0,-100.0,-76.0,-90.0,-100.0,-63.0,-100.0,6.0
-71.0,-90.0,-100.0,-71.0,-91.0,-100.0,-64.0,-100.0,6.0
-80.0,-92.0,-100.0,-82.0,-91.0,-100.0,-67.0,-87.0,6.0
-71.0,-89.0,-100.0,-75.0,-91.0,-100.0,-64.0,-86.0,6.0
-76.0,-89.0,-100.0,-75.0,-90.0,-100.0,-59.0,-100.0,6.0
-74.0,-90.0,-100.0,-73.0,-90.0,-100.0,-100.0,-100.0,6.0
-81.0,-91.0,-100.0,-78.0,-90.0,-100.0,-60.0,-100.0,6.0
-74.0,-90.0,-100.0,-75.0,-100.0,-100.0,-100.0,-83.0,6.0
-75.0,-94.0,-100.0,-74.0,-100.0,-100.0,-59.0,-100.0,6.0
-75.0,-89.0,-100.0,-73.0,-91.0,-100.0,-59.0,-84.0,6.0
-73.0,-88.0,-100.0,-72.0,-100.0,-100.0,-61.0,-82.0,6.0
-72.0,-88.0,-100.0,-70.0,-89.0,-100.0,-100.0,-86.0,6.0
-77.0,-100.0,-100.0,-77.0,-100.0,-100.0,-60.0,-84.0,6.0
-78.0,-90.0,-100.0,-100.0,-91.0,-100.0,-100.0,-100.0,6.0
-80.0,-89.0,-100.0,-80.0,-88.0,-100.0,-100.0,-85.0,6.0
-76.0,-89.0,-100.0,-73.0,-88.0,-100.0,-61.0,-100.0,6.0
-74.0,-89.0,-100.0,-74.0,-87.0,-100.0,-100.0,-100.0,6.0
-75.0,-88.0,-100.0,-75.0,-89.0,-100.0,-100.0,-100.0,6.0
-75.0,-90.0,-100.0,-74.0,-89.0,-100.0,-59.0,-84.0,6.0
-70.0,-100.0,-100.0,-72.0,-100.0,-100.0,-100.0,-84.0,6.0
-73.0,-89.0,-100.0,-72.0,-100.0,-100.0,-100.0,-100.0,6.0
-74.0,-91.0,-100.0,-73.0,-93.0,-100.0,-100.0,-100.0,6.0
-76.0,-100.0,-100.0,-75.0,-100.0,-100.0,-58.0,-83.0,6.0
-76.0,-100.0,-100.0,-79.0,-100.0,-100.0,-100.0,-86.0,6.0
-71.0,-100.0,-100.0,-71.0,-89.0,-100.0,-100.0,-100.0,6.0
-80.0,-93.0,-100.0,-79.0,-100.0,-100.0,-100.0,-84.0,6.0
-80.0,-100.0,-100.0,-76.0,-93.0,-100.0,-100.0,-85.0,6.0
-73.0,-94.0,-100.0,-73.0,-90.0,-100.0,-100.0,-83.0,6.0
-77.0,-100.0,-100.0,-100.0,-100.0,-100.0,-100.0,-100.0,6.0
-76.0,-92.0,-100.0,-76.0,-100.0,-100.0,-57.0,-84.0,6.0
-74.0,-100.0,-100.0,-73.0,-100.0,-100.0,-59.0,-83.0,6.0
-76.0,-92.0,-100.0,-76.0,-92.0,-100.0,-63.0,-83.0,6.0
-75.0,-89.0,-100.0,-75.0,-100.0,-100.0,-59.0,-82.0,6.0
-76.0,-89.0,-100.0,-76.0,-92.0,-100.0,-62.0,-81.0,6.0
-76.0,-91.0,-100.0,-76.0,-100.0,-100.0,-58.0,-83.0,6.0
-76.0,-92.0,-100.0,-75.0,-92.0,-100.0,-100.0,-85.0,6.0
-100.0,-92.0,-100.0,-100.0,-91.0,-100.0,-100.0,-84.0,4.0
-72.0,-86.0,-100.0,-73.0,-87.0,-100.0,-100.0,-80.0,6.0
-78.0,-89.0,-100.0,-77.0,-96.0,-100.0,-100.0,-100.0,6.0
-76.0,-88.0,-100.0,-76.0,-100.0,-100.0,-57.0,-100.0,6.0
-80.0,-100.0,-100.0,-79.0,-92.0,-100.0,-100.0,-84.0,6.0
-75.0,-94.0,-100.0,-73.0,-100.0,-100.0,-100.0,-83.0,6.0
-72.0,-89.0,-100.0,-71.0,-90.0,-100.0,-52.0,-84.0,6.0
-71.0,-100.0,-100.0,-70.0,-100.0,-100.0,-100.0,-80.0,6.0
-74.0,-93.0,-100.0,-76.0,-100.0,-100.0,-100.0,-87.0,6.0
-72.0,-100.0,-100.0,-71.0,-91.0,-100.0,-57.0,-83.0,6.0
-74.0,-87.0,-100.0,-100.0,-90.0,-100.0,-49.0,-100.0,6.0
-70.0,-89.0,-100.0,-69.0,-89.0,-100.0,-52.0,-78.0,6.0
-77.0,-89.0,-100.0,-78.0,-93.0,-100.0,-100.0,-84.0,6.0
-74.0,-100.0,-100.0,-73.0,-100.0,-100.0,-100.0,-83.0,6.0
-71.0,-91.0,-100.0,-70.0,-92.0,-100.0,-55.0,-82.0,6.0
-72.0,-89.0,-100.0,-72.0,-92.0,-100.0,-100.0,-84.0,6.0
-68.0,-92.0,-100.0,-71.0,-91.0,-100.0,-100.0,-89.0,6.0
-66.0,-93.0,-100.0,-66.0,-89.0,-100.0,-48.0,-84.0,6.0
-73.0,-89.0,-100.0,-100.0,-92.0,-100.0,-100.0,-87.0,6.0
-72.0,-92.0,-100.0,-71.0,-92.0,-100.0,-44.0,-85.0,6.0
-72.0,-92.0,-100.0,-72.0,-100.0,-100.0,-56.0,-100.0,6.0
-73.0,-94.0,-100.0,-73.0,-91.0,-100.0,-55.0,-83.0,6.0
-88.0,-57.0,-84.0,-100.0,-55.0,-85.0,-100.0,-65.0,1.0
-100.0,-53.0,-85.0,-100.0,-53.0,-100.0,-100.0,-69.0,1.0
-100.0,-55.0,-100.0,-100.0,-54.0,-89.0,-75.0,-69.0,1.0
-100.0,-54.0,-100.0,-100.0,-54.0,-88.0,-84.0,-67.0,1.0
-100.0,-55.0,-100.0,-100.0,-54.0,-100.0,-84.0,-67.0,1.0
-90.0,-55.0,-87.0,-100.0,-54.0,-89.0,-100.0,-69.0,1.0
-90.0,-52.0,-100.0,-90.0,-54.0,-89.0,-100.0,-70.0,1.0
-100.0,-55.0,-84.0,-100.0,-55.0,-100.0,-88.0,-68.0,1.0
-100.0,-54.0,-100.0,-100.0,-54.0,-100.0,-84.0,-69.0,1.0
-88.0,-55.0,-88.0,-88.0,-54.0,-100.0,-83.0,-72.0,1.0
-100.0,-59.0,-100.0,-100.0,-59.0,-100.0,-100.0,-69.0,1.0
-100.0,-54.0,-90.0,-100.0,-53.0,-90.0,-100.0,-70.0,1.0
-100.0,-54.0,-100.0,-100.0,-54.0,-100.0,-100.0,-70.0,1.0
-100.0,-55.0,-85.0,-100.0,-53.0,-100.0,-100.0,-69.0,1.0
-91.0,-55.0,-100.0,-100.0,-53.0,-100.0,-100.0,-69.0,1.0
-100.0,-54.0,-93.0,-100.0,-54.0,-100.0,-87.0,-69.0,1.0
-100.0,-53.0,-90.0,-100.0,-53.0,-100.0,-86.0,-70.0,1.0
-100.0,-54.0,-91.0,-100.0,-54.0,-87.0,-100.0,-70.0,1.0
-100.0,-56.0,-92.0,-100.0,-55.0,-97.0,-100.0,-70.0,1.0
-100.0,-54.0,-100.0,-90.0,-54.0,-91.0,-100.0,-69.0,1.0
-89.0,-61.0,-100.0,-100.0,-60.0,-100.0,-86.0,-68.0,1.0
-100.0,-60.0,-92.0,-100.0,-59.0,-100.0,-86.0,-69.0,1.0
-93.0,-54.0,-100.0,-100.0,-53.0,-100.0,-93.0,-72.0,1.0
-100.0,-56.0,-85.0,-100.0,-55.0,-85.0,-82.0,-70.0,1.0
-91.0,-56.0,-100.0,-100.0,-55.0,-95.0,-100.0,-72.0,1.0
-100.0,-55.0,-86.0,-88.0,-55.0,-89.0,-88.0,-70.0,1.0
-90.0,-54.0,-91.0,-100.0,-53.0,-90.0,-100.0,-69.0,1.0
-92.0,-55.0,-100.0,-100.0,-55.0,-100.0,-84.0,-70.0,1.0
-100.0,-54.0,-89.0,-100.0,-53.0,-100.0,-83.0,-68.0,1.0
-91.0,-55.0,-89.0,-100.0,-54.0,-100.0,-85.0,-68.0,1.0
-90.0,-55.0,-100.0,-90.0,-54.0,-100.0,-86.0,-70.0,1.0
-88.0,-61.0,-89.0,-90.0,-61.0,-89.0,-100.0,-65.0,1.0
-100.0,-62.0,-100.0,-100.0,-62.0,-100.0,-100.0,-68.0,1.0
-87.0,-65.0,-92.0,-74.0,-66.0,-92.0,-79.0,-64.0,1.0
-91.0,-56.0,-82.0,-91.0,-58.0,-85.0,-89.0,-72.0,1.0
-100.0,-57.0,-100.0,-92.0,-57.0,-83.0,-85.0,-67.0,1.0
-89.0,-60.0,-87.0,-100.0,-59.0,-87.0,-100.0,-71.0,1.0
-92.0,-55.0,-86.0,-100.0,-56.0,-86.0,-89.0,-70.0,1.0
-100.0,-55.0,-84.0,-100.0,-55.0,-85.0,-80.0,-69.0,1.0
-100.0,-55.0,-100.0,-100.0,-55.0,-100.0,-86.0,-69.0,1.0
-70.0,-56.0,-85.0,-100.0,-55.0,-81.0,-100.0,-71.0,1.0
-85.0,-55.0,-84.0,-100.0,-55.0,-84.0,-91.0,-71.0,1.0
-71.0,-54.0,-90.0,-100.0,-54.0,-88.0,-93.0,-71.0,1.0
-89.0,-55.0,-79.0,-100.0,-55.0,-84.0,-84.0,-73.0,1.0
-87.0,-56.0,-100.0,-100.0,-55.0,-84.0,-89.0,-72.0,1.0
-88.0,-55.0,-85.0,-100.0,-55.0,-84.0,-93.0,-71.0,1.0
-100.0,-55.0,-86.0,-100.0,-56.0,-84.0,-88.0,-71.0,1.0
-100.0,-56.0,-85.0,-100.0,-56.0,-85.0,-87.0,-69.0,1.0
-78.0,-56.0,-90.0,-100.0,-56.0,-90.0,-88.0,-72.0,1.0
-87.0,-56.0,-92.0,-100.0,-55.0,-86.0,-100.0,-71.0,1.0
-86.0,-55.0,-85.0,-100.0,-55.0,-85.0,-84.0,-71.0,1.0
-100.0,-55.0,-100.0,-100.0,-55.0,-85.0,-100.0,-70.0,1.0
-100.0,-60.0,-85.0,-100.0,-60.0,-84.0,-100.0,-70.0,1.0
-91.0,-55.0,-91.0,-100.0,-54.0,-86.0,-91.0,-70.0,1.0
-100.0,-55.0,-83.0,-100.0,-55.0,-100.0,-100.0,-71.0,1.0
-88.0,-55.0,-85.0,-88.0,-55.0,-85.0,-87.0,-70.0,1.0
-100.0,-55.0,-83.0,-100.0,-55.0,-84.0,-100.0,-68.0,1.0
-100.0,-55.0,-85.0,-100.0,-55.0,-100.0,-100.0,-70.0,1.0
-100.0,-59.0,-84.0,-100.0,-61.0,-91.0,-100.0,-71.0,1.0
-100.0,-55.0,-84.0,-90.0,-56.0,-86.0,-91.0,-71.0,1.0
-100.0,-56.0,-85.0,-94.0,-56.0,-84.0,-100.0,-71.0,1.0
-100.0,-54.0,-90.0,-100.0,-53.0,-91.0,-100.0,-70.0,1.0
-100.0,-55.0,-92.0,-91.0,-55.0,-92.0,-100.0,-74.0,1.0
-100.0,-56.0,-81.0,-86.0,-55.0,-82.0,-87.0,-71.0,1.0
-100.0,-55.0,-91.0,-93.0,-55.0,-90.0,-85.0,-70.0,1.0
-100.0,-55.0,-86.0,-100.0,-55.0,-86.0,-86.0,-70.0,1.0
-100.0,-55.0,-83.0,-86.0,-55.0,-92.0,-100.0,-74.0,1.0
-100.0,-60.0,-91.0,-89.0,-59.0,-86.0,-100.0,-83.0,1.0
-100.0,-55.0,-93.0,-91.0,-54.0,-84.0,-86.0,-71.0,1.0
-100.0,-54.0,-87.0,-100.0,-55.0,-87.0,-100.0,-70.0,1.0
-100.0,-55.0,-84.0,-100.0,-54.0,-83.0,-90.0,-70.0,1.0
-100.0,-57.0,-85.0,-93.0,-58.0,-84.0,-100.0,-70.0,1.0
-100.0,-58.0,-91.0,-88.0,-58.0,-88.0,-100.0,-71.0,1.0
-100.0,-55.0,-85.0,-100.0,-56.0,-87.0,-87.0,-72.0,1.0
-100.0,-55.0,-100.0,-90.0,-55.0,-100.0,-91.0,-70.0,1.0
-100.0,-53.0,-85.0,-90.0,-52.0,-85.0,-92.0,-70.0,1.0
-100.0,-56.0,-91.0,-100.0,-55.0,-92.0,-89.0,-70.0,1.0
-100.0,-55.0,-86.0,-100.0,-56.0,-91.0,-89.0,-70.0,1.0
-100.0,-55.0,-83.0,-100.0,-55.0,-83.0,-100.0,-70.0,1.0
-100.0,-55.0,-83.0,-100.0,-55.0,-79.0,-100.0,-69.0,1.0
-100.0,-56.0,-87.0,-100.0,-55.0,-85.0,-89.0,-71.0,1.0
-100.0,-56.0,-83.0,-100.0,-55.0,-93.0,-100.0,-72.0,1.0
-100.0,-60.0,-86.0,-100.0,-59.0,-100.0,-89.0,-70.0,1.0
-100.0,-64.0,-85.0,-100.0,-62.0,-84.0,-88.0,-70.0,1.0
-100.0,-59.0,-85.0,-100.0,-59.0,-84.0,-82.0,-68.0,1.0
-85.0,-55.0,-84.0,-87.0,-55.0,-91.0,-100.0,-70.0,1.0
-100.0,-55.0,-78.0,-100.0,-56.0,-82.0,-100.0,-70.0,1.0
-100.0,-56.0,-85.0,-92.0,-56.0,-100.0,-87.0,-70.0,1.0
-100.0,-56.0,-100.0,-100.0,-56.0,-93.0,-87.0,-71.0,1.0
-100.0,-55.0,-84.0,-86.0,-55.0,-93.0,-100.0,-70.0,1.0
-100.0,-55.0,-81.0,-100.0,-55.0,-81.0,-88.0,-69.0,1.0
-100.0,-59.0,-92.0,-88.0,-54.0,-90.0,-87.0,-70.0,1.0
-100.0,-55.0,-85.0,-100.0,-55.0,-84.0,-100.0,-69.0,1.0
-91.0,-55.0,-90.0,-100.0,-54.0,-83.0,-87.0,-70.0,1.0
-100.0,-55.0,-83.0,-100.0,-54.0,-91.0,-94.0,-70.0,1.0
-90.0,-55.0,-91.0,-100.0,-54.0,-83.0,-100.0,-69.0,1.0
-100.0,-56.0,-90.0,-100.0,-54.0,-84.0,-100.0,-68.0,1.0
-91.0,-57.0,-90.0,-100.0,-58.0,-89.0,-100.0,-69.0,1.0
-90.0,-60.0,-91.0,-100.0,-60.0,-85.0,-100.0,-70.0,1.0
-100.0,-54.0,-85.0,-100.0,-53.0,-100.0,-100.0,-69.0,1.0
-89.0,-55.0,-84.0,-100.0,-55.0,-86.0,-100.0,-70.0,1.0
-100.0,-56.0,-83.0,-100.0,-55.0,-81.0,-88.0,-70.0,1.0
-92.0,-55.0,-91.0,-100.0,-55.0,-89.0,-100.0,-70.0,1.0
-88.0,-55.0,-86.0,-100.0,-55.0,-84.0,-87.0,-70.0,1.0
-100.0,-54.0,-84.0,-88.0,-55.0,-89.0,-100.0,-69.0,1.0
-92.0,-54.0,-91.0,-93.0,-53.0,-84.0,-84.0,-71.0,1.0
-100.0,-55.0,-84.0,-100.0,-55.0,-86.0,-85.0,-72.0,1.0
-100.0,-55.0,-89.0,-90.0,-55.0,-86.0,-86.0,-69.0,1.0
-93.0,-55.0,-92.0,-100.0,-55.0,-84.0,-100.0,-71.0,1.0
-90.0,-55.0,-85.0,-100.0,-55.0,-87.0,-85.0,-70.0,1.0
-100.0,-55.0,-85.0,-100.0,-54.0,-86.0,-100.0,-71.0,1.0
-100.0,-55.0,-100.0,-100.0,-55.0,-85.0,-100.0,-70.0,1.0
-100.0,-59.0,-84.0,-90.0,-60.0,-93.0,-100.0,-69.0,1.0
-89.0,-58.0,-87.0,-89.0,-58.0,-85.0,-90.0,-68.0,1.0
-89.0,-64.0,-100.0,-87.0,-65.0,-83.0,-100.0,-71.0,1.0
-88.0,-60.0,-83.0,-87.0,-60.0,-84.0,-88.0,-71.0,1.0
-100.0,-55.0,-93.0,-87.0,-55.0,-92.0,-100.0,-70.0,1.0
-88.0,-53.0,-84.0,-93.0,-53.0,-92.0,-100.0,-71.0,1.0
-93.0,-54.0,-92.0,-100.0,-53.0,-85.0,-85.0,-71.0,1.0
-100.0,-52.0,-83.0,-100.0,-53.0,-84.0,-100.0,-70.0,1.0
-87.0,-55.0,-87.0,-89.0,-55.0,-92.0,-100.0,-69.0,1.0
-100.0,-56.0,-85.0,-100.0,-55.0,-84.0,-100.0,-70.0,1.0
-100.0,-55.0,-85.0,-100.0,-55.0,-87.0,-85.0,-71.0,1.0
-73.0,-100.0,-100.0,-73.0,-100.0,-100.0,-41.0,-82.0,4.0
-71.0,-89.0,-100.0,-71.0,-100.0,-100.0,-64.0,-100.0,6.0
-67.0,-100.0,-100.0,-70.0,-100.0,-100.0,-65.0,-100.0,6.0
-69.0,-90.0,-100.0,-70.0,-91.0,-100.0,-100.0,-87.0,6.0
-75.0,-90.0,-100.0,-73.0,-93.0,-100.0,-70.0,-85.0,6.0
-73.0,-92.0,-100.0,-73.0,-91.0,-100.0,-100.0,-100.0,6.0
-75.0,-88.0,-100.0,-73.0,-89.0,-100.0,-48.0,-100.0,6.0
-73.0,-92.0,-100.0,-74.0,-100.0,-100.0,-100.0,-85.0,6.0
-75.0,-88.0,-100.0,-73.0,-87.0,-100.0,-63.0,-88.0,6.0
-75.0,-92.0,-100.0,-75.0,-91.0,-100.0,-69.0,-89.0,6.0
-100.0,-87.0,-100.0,-81.0,-84.0,-100.0,-62.0,-85.0,4.0
-71.0,-90.0,-100.0,-71.0,-90.0,-100.0,-100.0,-84.0,6.0
-74.0,-88.0,-100.0,-74.0,-92.0,-100.0,-100.0,-84.0,6.0
-74.0,-91.0,-100.0,-76.0,-87.0,-100.0,-56.0,-100.0,6.0
-71.0,-87.0,-100.0,-73.0,-91.0,-100.0,-64.0,-87.0,6.0
-76.0,-88.0,-100.0,-75.0,-87.0,-100.0,-73.0,-100.0,6.0
-74.0,-90.0,-100.0,-73.0,-90.0,-100.0,-39.0,-100.0,6.0
-72.0,-89.0,-100.0,-72.0,-89.0,-100.0,-66.0,-100.0,6.0
-74.0,-91.0,-100.0,-73.0,-90.0,-100.0,-64.0,-100.0,6.0
-72.0,-90.0,-100.0,-73.0,-91.0,-100.0,-63.0,-100.0,6.0
-72.0,-100.0,-100.0,-71.0,-100.0,-100.0,-62.0,-84.0,4.0
-73.0,-89.0,-100.0,-74.0,-91.0,-100.0,-65.0,-83.0,6.0
-72.0,-88.0,-100.0,-72.0,-90.0,-100.0,-49.0,-100.0,6.0
-71.0,-91.0,-100.0,-71.0,-92.0,-100.0,-42.0,-100.0,6.0
-73.0,-93.0,-100.0,-73.0,-92.0,-100.0,-71.0,-100.0,6.0
-73.0,-91.0,-100.0,-73.0,-91.0,-100.0,-100.0,-100.0,6.0
-73.0,-93.0,-100.0,-75.0,-98.0,-100.0,-51.0,-100.0,6.0
-73.0,-91.0,-100.0,-74.0,-89.0,-100.0,-61.0,-100.0,6.0
-77.0,-91.0,-100.0,-77.0,-89.0,-100.0,-43.0,-100.0,6.0
-77.0,-95.0,-100.0,-76.0,-92.0,-100.0,-100.0,-87.0,6.0
-78.0,-93.0,-100.0,-77.0,-90.0,-100.0,-66.0,-90.0,6.0
-75.0,-93.0,-100.0,-76.0,-100.0,-100.0,-63.0,-83.0,4.0
-74.0,-95.0,-100.0,-73.0,-91.0,-100.0,-100.0,-100.0,6.0
-75.0,-100.0,-100.0,-73.0,-100.0,-100.0,-61.0,-85.0,4.0
-73.0,-93.0,-100.0,-74.0,-100.0,-100.0,-100.0,-100.0,6.0
-70.0,-91.0,-100.0,-71.0,-90.0,-100.0,-61.0,-84.0,6.0
-72.0,-91.0,-100.0,-71.0,-91.0,-100.0,-65.0,-100.0,6.0
-75.0,-93.0,-100.0,-75.0,-95.0,-100.0,-42.0,-100.0,6.0
-71.0,-91.0,-100.0,-70.0,-91.0,-100.0,-64.0,-100.0,6.0
-75.0,-91.0,-100.0,-75.0,-100.0,-100.0,-100.0,-100.0,6.0
-77.0,-93.0,-100.0,-79.0,-88.0,-100.0,-51.0,-100.0,6.0
-81.0,-88.0,-100.0,-82.0,-90.0,-100.0,-61.0,-87.0,6.0
-73.0,-90.0,-100.0,-75.0,-88.0,-100.0,-100.0,-100.0,6.0
-75.0,-91.0,-100.0,-74.0,-94.0,-100.0,-100.0,-100.0,6.0
-83.0,-91.0,-100.0,-82.0,-90.0,-100.0,-43.0,-81.0,4.0
-68.0,-100.0,-100.0,-70.0,-100.0,-100.0,-52.0,-85.0,6.0
-73.0,-92.0,-100.0,-72.0,-93.0,-100.0,-60.0,-82.0,4.0
-69.0,-91.0,-100.0,-70.0,-87.0,-100.0,-53.0,-81.0,4.0
-74.0,-92.0,-100.0,-76.0,-95.0,-94.0,-40.0,-82.0,4.0
-66.0,-90.0,-100.0,-66.0,-94.0,-100.0,-42.0,-83.0,4.0
-68.0,-91.0,-100.0,-68.0,-89.0,-100.0,-49.0,-100.0,6.0
-66.0,-89.0,-100.0,-67.0,-87.0,-100.0,-51.0,-100.0,6.0
-76.0,-89.0,-100.0,-77.0,-91.0,-100.0,-42.0,-83.0,4.0
-72.0,-92.0,-100.0,-74.0,-91.0,-100.0,-56.0,-100.0,6.0
-72.0,-88.0,-100.0,-73.0,-91.0,-100.0,-49.0,-100.0,6.0
-75.0,-91.0,-100.0,-72.0,-90.0,-100.0,-56.0,-84.0,4.0
-71.0,-90.0,-100.0,-100.0,-90.0,-100.0,-100.0,-100.0,6.0
-66.0,-97.0,-100.0,-67.0,-95.0,-100.0,-100.0,-100.0,6.0
-69.0,-93.0,-100.0,-69.0,-90.0,-100.0,-100.0,-100.0,6.0
-71.0,-94.0,-100.0,-74.0,-90.0,-100.0,-72.0,-100.0,6.0
-72.0,-91.0,-100.0,-73.0,-91.0,-100.0,-43.0,-89.0,6.0
-71.0,-90.0,-100.0,-71.0,-88.0,-100.0,-100.0,-100.0,6.0
-74.0,-95.0,-100.0,-72.0,-89.0,-100.0,-100.0,-100.0,6.0
-73.0,-93.0,-100.0,-75.0,-90.0,-100.0,-53.0,-100.0,6.0
-82.0,-92.0,-100.0,-100.0,-89.0,-100.0,-53.0,-90.0,6.0
-69.0,-87.0,-100.0,-69.0,-90.0,-100.0,-100.0,-83.0,6.0
-74.0,-94.0,-100.0,-73.0,-92.0,-100.0,-100.0,-84.0,6.0
-71.0,-93.0,-100.0,-69.0,-94.0,-100.0,-60.0,-85.0,6.0
-74.0,-92.0,-100.0,-73.0,-94.0,-100.0,-62.0,-85.0,6.0
-75.0,-100.0,-100.0,-100.0,-100.0,-100.0,-100.0,-83.0,6.0
-73.0,-91.0,-100.0,-73.0,-87.0,-100.0,-100.0,-86.0,6.0
-75.0,-94.0,-100.0,-77.0,-87.0,-100.0,-65.0,-100.0,6.0
-74.0,-91.0,-100.0,-74.0,-87.0,-100.0,-67.0,-85.0,6.0
-72.0,-90.0,-100.0,-74.0,-90.0,-100.0,-59.0,-84.0,6.0
-71.0,-89.0,-100.0,-71.0,-90.0,-100.0,-63.0,-83.0,6.0
-74.0,-95.0,-100.0,-74.0,-88.0,-100.0,-100.0,-84.0,6.0
-70.0,-89.0,-100.0,-70.0,-100.0,-100.0,-100.0,-83.0,6.0
-73.0,-92.0,-100.0,-74.0,-90.0,-100.0,-60.0,-83.0,4.0
-76.0,-92.0,-100.0,-100.0,-91.0,-100.0,-65.0,-100.0,6.0
-74.0,-97.0,-100.0,-74.0,-91.0,-100.0,-62.0,-100.0,6.0
-70.0,-100.0,-100.0,-71.0,-100.0,-100.0,-100.0,-83.0,6.0
-74.0,-91.0,-100.0,-75.0,-93.0,-100.0,-62.0,-86.0,6.0
-71.0,-87.0,-100.0,-72.0,-94.0,-100.0,-100.0,-100.0,6.0
-72.0,-91.0,-100.0,-74.0,-93.0,-100.0,-100.0,-83.0,6.0
-75.0,-93.0,-100.0,-75.0,-92.0,-100.0,-63.0,-85.0,6.0
-72.0,-93.0,-100.0,-73.0,-90.0,-100.0,-100.0,-100.0,6.0
-75.0,-91.0,-100.0,-76.0,-90.0,-100.0,-63.0,-100.0,6.0
-71.0,-90.0,-100.0,-71.0,-91.0,-100.0,-64.0,-100.0,6.0
-80.0,-92.0,-100.0,-82.0,-91.0,-100.0,-67.0,-87.0,6.0
-71.0,-89.0,-100.0,-75.0,-91.0,-100.0,-64.0,-86.0,6.0
-76.0,-89.0,-100.0,-75.0,-90.0,-100.0,-59.0,-100.0,6.0
-74.0,-90.0,-100.0,-73.0,-90.0,-100.0,-100.0,-100.0,6.0
-81.0,-91.0,-100.0,-78.0,-90.0,-100.0,-60.0,-100.0,6.0
-74.0,-90.0,-100.0,-75.0,-100.0,-100.0,-100.0,-83.0,6.0
-75.0,-94.0,-100.0,-74.0,-100.0,-100.0,-59.0,-100.0,6.0
-75.0,-89.0,-100.0,-73.0,-91.0,-100.0,-59.0,-84.0,4.0
-73.0,-88.0,-100.0,-72.0,-100.0,-100.0,-61.0,-82.0,4.0
-72.0,-88.0,-100.0,-70.0,-89.0,-100.0,-100.0,-86.0,6.0
-77.0,-100.0,-100.0,-77.0,-100.0,-100.0,-60.0,-84.0,4.0
-78.0,-90.0,-100.0,-100.0,-91.0,-100.0,-100.0,-100.0,6.0
-80.0,-89.0,-100.0,-80.0,-88.0,-100.0,-100.0,-85.0,6.0
-76.0,-89.0,-100.0,-73.0,-88.0,-100.0,-61.0,-100.0,6.0
-74.0,-89.0,-100.0,-74.0,-87.0,-100.0,-100.0,-100.0,6.0
-75.0,-88.0,-100.0,-75.0,-89.0,-100.0,-100.0,-100.0,6.0
-75.0,-90.0,-100.0,-74.0,-89.0,-100.0,-59.0,-84.0,6.0
-70.0,-100.0,-100.0,-72.0,-100.0,-100.0,-100.0,-84.0,6.0
-73.0,-89.0,-100.0,-72.0,-100.0,-100.0,-100.0,-100.0,6.0
-74.0,-91.0,-100.0,-73.0,-93.0,-100.0,-100.0,-100.0,6.0
-76.0,-100.0,-100.0,-75.0,-100.0,-100.0,-58.0,-83.0,4.0
-76.0,-100.0,-100.0,-79.0,-100.0,-100.0,-100.0,-86.0,6.0
-71.0,-100.0,-100.0,-71.0,-89.0,-100.0,-100.0,-100.0,6.0
-80.0,-93.0,-100.0,-79.0,-100.0,-100.0,-100.0,-84.0,4.0
-80.0,-100.0,-100.0,-76.0,-93.0,-100.0,-100.0,-85.0,6.0
-73.0,-94.0,-100.0,-73.0,-90.0,-100.0,-100.0,-83.0,6.0
-77.0,-100.0,-100.0,-100.0,-100.0,-100.0,-100.0,-100.0,6.0
-76.0,-92.0,-100.0,-76.0,-100.0,-100.0,-57.0,-84.0,4.0
-74.0,-100.0,-100.0,-73.0,-100.0,-100.0,-59.0,-83.0,4.0
-76.0,-92.0,-100.0,-76.0,-92.0,-100.0,-63.0,-83.0,4.0
-75.0,-89.0,-100.0,-75.0,-100.0,-100.0,-59.0,-82.0,4.0
-76.0,-89.0,-100.0,-76.0,-92.0,-100.0,-62.0,-81.0,4.0
-76.0,-91.0,-100.0,-76.0,-100.0,-100.0,-58.0,-83.0,4.0
-76.0,-92.0,-100.0,-75.0,-92.0,-100.0,-100.0,-85.0,6.0
-100.0,-92.0,-100.0,-100.0,-91.0,-100.0,-100.0,-84.0,6.0
-72.0,-86.0,-100.0,-73.0,-87.0,-100.0,-100.0,-80.0,6.0
-78.0,-89.0,-100.0,-77.0,-96.0,-100.0,-100.0,-100.0,6.0
-76.0,-88.0,-100.0,-76.0,-100.0,-100.0,-57.0,-100.0,6.0
-80.0,-100.0,-100.0,-79.0,-92.0,-100.0,-100.0,-84.0,6.0
-75.0,-94.0,-100.0,-73.0,-100.0,-100.0,-100.0,-83.0,4.0
-72.0,-89.0,-100.0,-71.0,-90.0,-100.0,-52.0,-84.0,6.0
-71.0,-100.0,-100.0,-70.0,-100.0,-100.0,-100.0,-80.0,4.0
-74.0,-93.0,-100.0,-76.0,-100.0,-100.0,-100.0,-87.0,6.0
-72.0,-100.0,-100.0,-71.0,-91.0,-100.0,-57.0,-83.0,4.0
-74.0,-87.0,-100.0,-100.0,-90.0,-100.0,-49.0,-100.0,6.0
-70.0,-89.0,-100.0,-69.0,-89.0,-100.0,-52.0,-78.0,4.0
-77.0,-89.0,-100.0,-78.0,-93.0,-100.0,-100.0,-84.0,6.0
-74.0,-100.0,-100.0,-73.0,-100.0,-100.0,-100.0,-83.0,6.0
-71.0,-91.0,-100.0,-70.0,-92.0,-100.0,-55.0,-82.0,4.0
-72.0,-89.0,-100.0,-72.0,-92.0,-100.0,-100.0,-84.0,6.0
-68.0,-92.0,-100.0,-71.0,-91.0,-100.0,-100.0,-89.0,6.0
-66.0,-93.0,-100.0,-66.0,-89.0,-100.0,-48.0,-84.0,6.0
-73.0,-89.0,-100.0,-100.0,-92.0,-100.0,-100.0,-87.0,6.0
-72.0,-92.0,-100.0,-71.0,-92.0,-100.0,-44.0,-85.0,6.0
-72.0,-92.0,-100.0,-72.0,-100.0,-100.0,-56.0,-100.0,6.0
-73.0,-94.0,-100.0,-73.0,-91.0,-100.0,-55.0,-83.0,4.0
-88.0,-57.0,-84.0,-100.0,-55.0,-85.0,-100.0,-65.0,1.0
-100.0,-53.0,-85.0,-100.0,-53.0,-100.0,-100.0,-69.0,1.0
-100.0,-55.0,-100.0,-100.0,-54.0,-89.0,-75.0,-69.0,1.0
-100.0,-54.0,-100.0,-100.0,-54.0,-88.0,-84.0,-67.0,1.0
-100.0,-55.0,-100.0,-100.0,-54.0,-100.0,-84.0,-67.0,1.0
-90.0,-55.0,-87.0,-100.0,-54.0,-89.0,-100.0,-69.0,1.0
-90.0,-52.0,-100.0,-90.0,-54.0,-89.0,-100.0,-70.0,1.0
-100.0,-55.0,-84.0,-100.0,-55.0,-100.0,-88.0,-68.0,1.0
-100.0,-54.0,-100.0,-100.0,-54.0,-100.0,-84.0,-69.0,1.0
-88.0,-55.0,-88.0,-88.0,-54.0,-100.0,-83.0,-72.0,1.0
-100.0,-59.0,-100.0,-100.0,-59.0,-100.0,-100.0,-69.0,1.0
-100.0,-54.0,-90.0,-100.0,-53.0,-90.0,-100.0,-70.0,1.0
-100.0,-54.0,-100.0,-100.0,-54.0,-100.0,-100.0,-70.0,1.0
-100.0,-55.0,-85.0,-100.0,-53.0,-100.0,-100.0,-69.0,1.0
-91.0,-55.0,-100.0,-100.0,-53.0,-100.0,-100.0,-69.0,1.0
-100.0,-54.0,-93.0,-100.0,-54.0,-100.0,-87.0,-69.0,1.0
-100.0,-53.0,-90.0,-100.0,-53.0,-100.0,-86.0,-70.0,1.0
-100.0,-54.0,-91.0,-100.0,-54.0,-87.0,-100.0,-70.0,1.0
-100.0,-56.0,-92.0,-100.0,-55.0,-97.0,-100.0,-70.0,1.0
-100.0,-54.0,-100.0,-90.0,-54.0,-91.0,-100.0,-69.0,1.0
-89.0,-61.0,-100.0,-100.0,-60.0,-100.0,-86.0,-68.0,1.0
-100.0,-60.0,-92.0,-100.0,-59.0,-100.0,-86.0,-69.0,1.0
-93.0,-54.0,-100.0,-100.0,-53.0,-100.0,-93.0,-72.0,1.0
-100.0,-56.0,-85.0,-100.0,-55.0,-85.0,-82.0,-70.0,1.0
-91.0,-56.0,-100.0,-100.0,-55.0,-95.0,-100.0,-72.0,1.0
-100.0,-55.0,-86.0,-88.0,-55.0,-89.0,-88.0,-70.0,1.0
-90.0,-54.0,-91.0,-100.0,-53.0,-90.0,-100.0,-69.0,1.0
-92.0,-55.0,-100.0,-100.0,-55.0,-100.0,-84.0,-70.0,1.0
-100.0,-54.0,-89.0,-100.0,-53.0,-100.0,-83.0,-68.0,1.0
-91.0,-55.0,-89.0,-100.0,-54.0,-100.0,-85.0,-68.0,1.0
-90.0,-55.0,-100.0,-90.0,-54.0,-100.0,-86.0,-70.0,1.0
-88.0,-61.0,-89.0,-90.0,-61.0,-89.0,-100.0,-65.0,1.0
-100.0,-62.0,-100.0,-100.0,-62.0,-100.0,-100.0,-68.0,1.0
-87.0,-65.0,-92.0,-74.0,-66.0,-92.0,-79.0,-64.0,1.0
-91.0,-56.0,-82.0,-91.0,-58.0,-85.0,-89.0,-72.0,1.0
-100.0,-57.0,-100.0,-92.0,-57.0,-83.0,-85.0,-67.0,1.0
-89.0,-60.0,-87.0,-100.0,-59.0,-87.0,-100.0,-71.0,1.0
-92.0,-55.0,-86.0,-100.0,-56.0,-86.0,-89.0,-70.0,1.0
-100.0,-55.0,-84.0,-100.0,-55.0,-85.0,-80.0,-69.0,1.0
-100.0,-55.0,-100.0,-100.0,-55.0,-100.0,-86.0,-69.0,1.0
-70.0,-56.0,-85.0,-100.0,-55.0,-81.0,-100.0,-71.0,1.0
-85.0,-55.0,-84.0,-100.0,-55.0,-84.0,-91.0,-71.0,1.0
-71.0,-54.0,-90.0,-100.0,-54.0,-88.0,-93.0,-71.0,1.0
-89.0,-55.0,-79.0,-100.0,-55.0,-84.0,-84.0,-73.0,1.0
-87.0,-56.0,-100.0,-100.0,-55.0,-84.0,-89.0,-72.0,1.0
-88.0,-55.0,-85.0,-100.0,-55.0,-84.0,-93.0,-71.0,1.0
-100.0,-55.0,-86.0,-100.0,-56.0,-84.0,-88.0,-71.0,1.0
-100.0,-56.0,-85.0,-100.0,-56.0,-85.0,-87.0,-69.0,1.0
-78.0,-56.0,-90.0,-100.0,-56.0,-90.0,-88.0,-72.0,1.0
-87.0,-56.0,-92.0,-100.0,-55.0,-86.0,-100.0,-71.0,1.0
-86.0,-55.0,-85.0,-100.0,-55.0,-85.0,-84.0,-71.0,1.0
-100.0,-55.0,-100.0,-100.0,-55.0,-85.0,-100.0,-70.0,1.0
-100.0,-60.0,-85.0,-100.0,-60.0,-84.0,-100.0,-70.0,1.0
-91.0,-55.0,-91.0,-100.0,-54.0,-86.0,-91.0,-70.0,1.0
-100.0,-55.0,-83.0,-100.0,-55.0,-100.0,-100.0,-71.0,1.0
-88.0,-55.0,-85.0,-88.0,-55.0,-85.0,-87.0,-70.0,1.0
-100.0,-55.0,-83.0,-100.0,-55.0,-84.0,-100.0,-68.0,1.0
-100.0,-55.0,-85.0,-100.0,-55.0,-100.0,-100.0,-70.0,1.0
-100.0,-59.0,-84.0,-100.0,-61.0,-91.0,-100.0,-71.0,1.0
-100.0,-55.0,-84.0,-90.0,-56.0,-86.0,-91.0,-71.0,1.0
-100.0,-56.0,-85.0,-94.0,-56.0,-84.0,-100.0,-71.0,1.0
-100.0,-54.0,-90.0,-100.0,-53.0,-91.0,-100.0,-70.0,1.0
-100.0,-55.0,-92.0,-91.0,-55.0,-92.0,-100.0,-74.0,1.0
-100.0,-56.0,-81.0,-86.0,-55.0,-82.0,-87.0,-71.0,1.0
-100.0,-55.0,-91.0,-93.0,-55.0,-90.0,-85.0,-70.0,1.0
-100.0,-55.0,-86.0,-100.0,-55.0,-86.0,-86.0,-70.0,1.0
-100.0,-55.0,-83.0,-86.0,-55.0,-92.0,-100.0,-74.0,1.0
-100.0,-60.0,-91.0,-89.0,-59.0,-86.0,-100.0,-83.0,1.0
-100.0,-55.0,-93.0,-91.0,-54.0,-84.0,-86.0,-71.0,1.0
-100.0,-54.0,-87.0,-100.0,-55.0,-87.0,-100.0,-70.0,1.0
-100.0,-55.0,-84.0,-100.0,-54.0,-83.0,-90.0,-70.0,1.0
-100.0,-57.0,-85.0,-93.0,-58.0,-84.0,-100.0,-70.0,1.0
-100.0,-58.0,-91.0,-88.0,-58.0,-88.0,-100.0,-71.0,1.0
-100.0,-55.0,-85.0,-100.0,-56.0,-87.0,-87.0,-72.0,1.0
-100.0,-55.0,-100.0,-90.0,-55.0,-100.0,-91.0,-70.0,1.0
-100.0,-53.0,-85.0,-90.0,-52.0,-85.0,-92.0,-70.0,1.0
-100.0,-56.0,-91.0,-100.0,-55.0,-92.0,-89.0,-70.0,1.0
-100.0,-55.0,-86.0,-100.0,-56.0,-91.0,-89.0,-70.0,1.0
-100.0,-55.0,-83.0,-100.0,-55.0,-83.0,-100.0,-70.0,1.0
-100.0,-55.0,-83.0,-100.0,-55.0,-79.0,-100.0,-69.0,1.0
-100.0,-56.0,-87.0,-100.0,-55.0,-85.0,-89.0,-71.0,1.0
-100.0,-56.0,-83.0,-100.0,-55.0,-93.0,-100.0,-72.0,1.0
-100.0,-60.0,-86.0,-100.0,-59.0,-100.0,-89.0,-70.0,1.0
-100.0,-64.0,-85.0,-100.0,-62.0,-84.0,-88.0,-70.0,1.0
-100.0,-59.0,-85.0,-100.0,-59.0,-84.0,-82.0,-68.0,1.0
-85.0,-55.0,-84.0,-87.0,-55.0,-91.0,-100.0,-70.0,1.0
-100.0,-55.0,-78.0,-100.0,-56.0,-82.0,-100.0,-70.0,1.0
-100.0,-56.0,-85.0,-92.0,-56.0,-100.0,-87.0,-70.0,1.0
-100.0,-56.0,-100.0,-100.0,-56.0,-93.0,-87.0,-71.0,1.0
-100.0,-55.0,-84.0,-86.0,-55.0,-93.0,-100.0,-70.0,1.0
-100.0,-55.0,-81.0,-100.0,-55.0,-81.0,-88.0,-69.0,1.0
-100.0,-59.0,-92.0,-88.0,-54.0,-90.0,-87.0,-70.0,1.0
-100.0,-55.0,-85.0,-100.0,-55.0,-84.0,-100.0,-69.0,1.0
-91.0,-55.0,-90.0,-100.0,-54.0,-83.0,-87.0,-70.0,1.0
-100.0,-55.0,-83.0,-100.0,-54.0,-91.0,-94.0,-70.0,1.0
-90.0,-55.0,-91.0,-100.0,-54.0,-83.0,-100.0,-69.0,1.0
-100.0,-56.0,-90.0,-100.0,-54.0,-84.0,-100.0,-68.0,1.0
-91.0,-57.0,-90.0,-100.0,-58.0,-89.0,-100.0,-69.0,1.0
-90.0,-60.0,-91.0,-100.0,-60.0,-85.0,-100.0,-70.0,1.0
-100.0,-54.0,-85.0,-100.0,-53.0,-100.0,-100.0,-69.0,1.0
-89.0,-55.0,-84.0,-100.0,-55.0,-86.0,-100.0,-70.0,1.0
-100.0,-56.0,-83.0,-100.0,-55.0,-81.0,-88.0,-70.0,1.0
-92.0,-55.0,-91.0,-100.0,-55.0,-89.0,-100.0,-70.0,1.0
-88.0,-55.0,-86.0,-100.0,-55.0,-84.0,-87.0,-70.0,1.0
-100.0,-54.0,-84.0,-88.0,-55.0,-89.0,-100.0,-69.0,1.0
-92.0,-54.0,-91.0,-93.0,-53.0,-84.0,-84.0,-71.0,1.0
-100.0,-55.0,-84.0,-100.0,-55.0,-86.0,-85.0,-72.0,1.0
-100.0,-55.0,-89.0,-90.0,-55.0,-86.0,-86.0,-69.0,1.0
-93.0,-55.0,-92.0,-100.0,-55.0,-84.0,-100.0,-71.0,1.0
-90.0,-55.0,-85.0,-100.0,-55.0,-87.0,-85.0,-70.0,1.0
-100.0,-55.0,-85.0,-100.0,-54.0,-86.0,-100.0,-71.0,1.0
-100.0,-55.0,-100.0,-100.0,-55.0,-85.0,-100.0,-70.0,1.0
-100.0,-59.0,-84.0,-90.0,-60.0,-93.0,-100.0,-69.0,1.0
-89.0,-58.0,-87.0,-89.0,-58.0,-85.0,-90.0,-68.0,1.0
-89.0,-64.0,-100.0,-87.0,-65.0,-83.0,-100.0,-71.0,1.0
-88.0,-60.0,-83.0,-87.0,-60.0,-84.0,-88.0,-71.0,1.0
-100.0,-55.0,-93.0,-87.0,-55.0,-92.0,-100.0,-70.0,1.0
-88.0,-53.0,-84.0,-93.0,-53.0,-92.0,-100.0,-71.0,1.0
-93.0,-54.0,-92.0,-100.0,-53.0,-85.0,-85.0,-71.0,1.0
-100.0,-52.0,-83.0,-100.0,-53.0,-84.0,-100.0,-70.0,1.0
-87.0,-55.0,-87.0,-89.0,-55.0,-92.0,-100.0,-69.0,1.0
-100.0,-56.0,-85.0,-100.0,-55.0,-84.0,-100.0,-70.0,1.0
-100.0,-55.0,-85.0,-100.0,-55.0,-87.0,-85.0,-71.0,1.0
